2020,1,1,-1.2,88.2,.07,0,0,3.9,7.1,1,.8,112,35,2.1,-.02,.49,-2.9
2020,1,2,-.9,88,.07,0,0,3.6,7.1,1.2,1.2,82,18,2.1,-.02,.5,-2.6
2020,1,3,-1.6,90.4,.05,0,0,3.4,7.1,.9,.8,36,30,1.9,-.02,.49,-2.9
2020,1,4,-2.2,91.4,.05,0,0,3.2,7.1,1.4,1.2,154,25,2.5,-.02,.47,-3.4
2020,1,5,-3.1,92.4,.04,0,0,3.1,7.1,.8,.3,13,65,1.6,-.02,.45,-4.1
2020,1,6,-3.2,93.6,.03,0,0,2.9,7,.9,.6,24,44,2.2,-.02,.45,-4.1
2020,1,7,-3.1,93.7,.03,0,0,2.7,7,.8,.7,106,18,1.4,-.02,.46,-4
2020,1,8,-2.3,93,.04,.12,0,2.6,7,.7,.6,96,31,1.6,0,.48,-3.3
2020,1,9,-.4,89.1,.06,.67,0,2.5,6.9,1.4,1.2,312,28,2.5,.04,.53,-2
2020,1,10,2,82.3,.13,1.28,0,2.5,6.9,1.3,1.3,330,18,2.8,.14,.58,-.8
2020,1,11,6.2,65.1,.34,1.72,0,3.2,6.9,.5,.2,161,66,1.8,.23,.61,0
2020,1,12,9.3,51.2,.57,2.02,0,4.4,6.8,1.2,.9,297,41,3.2,.32,.6,-.3
2020,1,13,10.4,48.6,.65,2.1,0,5.7,6.8,2.4,2.3,294,18,4.2,.36,.61,.1
2020,1,14,11.9,46.2,.75,1.96,0,6.8,6.7,3.2,3,288,19,5.2,.36,.64,.7
2020,1,15,12.5,42.9,.83,1.62,0,7.6,6.7,3.5,3.2,280,23,5.8,.3,.62,.2
2020,1,16,12.6,40.3,.87,1.09,0,8.1,6.7,4.3,4.2,291,12,6,.22,.59,-.5
2020,1,17,11.9,45.8,.75,.5,0,8.1,6.7,4.8,4.7,289,9,7.1,.1,.63,.5
2020,1,18,8.9,60.1,.46,.04,0,7.8,6.7,2.6,2.6,281,11,4.2,.02,.68,1.5
2020,1,19,6.8,70.3,.29,0,0,7.3,6.8,2.1,2.1,276,12,3.4,0,.69,1.7
2020,1,20,6.3,73,.26,0,0,6.9,6.9,2.4,2.2,301,24,4.8,0,.7,1.8
2020,1,21,6,74,.24,0,0,6.6,6.9,1,.8,261,36,2.7,-.01,.69,1.8
2020,1,22,6.3,71.5,.27,0,0,6.4,7,1.1,.7,278,47,3.1,-.01,.68,1.5
2020,1,23,5.8,71.5,.26,0,0,6.2,7.1,.7,.6,237,31,2.2,-.01,.66,1
2020,1,24,5.2,70,.27,0,0,6,7.1,1.3,1.3,256,13,2.9,-.01,.62,.2
2020,2,1,4.1,75.3,.2,0,0,5.7,7.2,2.2,2,263,23,3.6,-.01,.62,.1
2020,2,2,4.4,74.2,.22,0,0,5.4,7.2,2.5,2.4,294,12,4.8,0,.62,.2
2020,2,3,3.9,79.9,.16,0,.76,5.3,7.2,2.6,2.4,302,27,5.7,-.01,.64,.7
2020,2,4,2.7,90.5,.07,0,1.02,5.2,7.2,2.1,.6,34,70,4.2,-.02,.67,1.3
2020,2,5,1.8,92.8,.05,0,0,5,7.3,2.1,2,88,14,3.9,-.02,.65,.8
2020,2,6,1.6,94.2,.04,0,0,4.8,7.3,1.7,1.6,113,15,3.3,-.02,.64,.7
2020,2,7,1.7,94,.04,0,0,4.7,7.3,1.6,1.5,94,12,2.8,-.02,.65,.8
2020,2,8,1.6,93.9,.04,.05,0,4.6,7.3,.4,.1,89,68,2.1,-.01,.64,.7
2020,2,9,2.5,93.5,.05,.53,0,4.6,7.3,1.2,1.1,96,27,4,.02,.68,1.5
2020,2,10,5,80.1,.17,1.28,0,4.9,7.3,1,.4,195,64,2.8,.15,.7,1.8
2020,2,11,6.2,71.7,.27,1.69,0,5.6,7.3,2.2,2,288,28,5.9,.23,.68,1.5
2020,2,12,7.7,60.5,.41,2.04,0,6.3,7.2,5.9,5.7,281,13,8.4,.35,.64,.6
2020,2,13,8.2,58.8,.45,1.54,0,6.9,7.2,5.9,5.7,291,14,9.3,.27,.64,.6
2020,2,14,9.3,47.2,.62,1.61,0,7.4,7.2,6.7,6.5,305,12,10.3,.32,.55,-1.3
2020,2,15,9.5,41.5,.69,1.57,0,7.9,7.2,7,6.7,299,16,11.6,.33,.49,-2.9
2020,2,16,9.6,42.5,.69,1.15,0,8.1,7.2,6.4,6.1,302,20,9.7,.24,.51,-2.5
2020,2,17,8.7,46.5,.6,.49,0,8,7.3,5.8,5.7,301,12,8.7,.11,.52,-2.1
2020,2,18,6.1,56.5,.42,.05,0,7.5,7.3,2.8,2.8,310,11,5.2,.02,.53,-2
2020,2,19,3.8,66,.28,0,0,6.9,7.3,.8,.7,327,31,1.9,-.01,.53,-1.9
2020,2,20,2.7,68.8,.23,0,0,6.4,7.4,.7,.5,340,43,1.9,-.01,.51,-2.5
2020,2,21,2.2,66.6,.24,0,0,5.8,7.4,.8,.4,312,57,2.2,-.01,.48,-3.4
2020,2,22,1.3,67.9,.22,0,0,5.3,7.5,1.3,.5,9,65,2.2,-.01,.46,-4
2020,2,23,1.4,72,.19,0,0,4.9,7.5,1.5,.7,35,60,3.4,-.01,.49,-3.1
2020,2,24,1,74.6,.17,0,0,4.6,7.6,1,.4,8,62,1.9,-.01,.49,-3
2020,3,1,-.6,81,.11,0,0,4.2,7.6,.8,.5,36,53,1.6,-.01,.47,-3.4
2020,3,2,-.4,77.9,.13,0,0,3.9,7.6,1.7,1.7,345,11,2.5,-.01,.46,-3.8
2020,3,3,-1.1,79.3,.12,0,0,3.7,7.6,1.2,1.1,134,22,2,-.01,.45,-4.2
2020,3,4,-1.4,77.8,.12,0,0,3.5,7.5,1.6,1.6,107,16,2.5,-.01,.43,-4.8
2020,3,5,-1.9,78.8,.11,0,0,3.3,7.5,1.6,1.6,91,9,2.4,-.01,.42,-5
2020,3,6,-2.4,81.6,.09,0,0,3.1,7.5,1.8,1.8,96,8,2.6,-.01,.42,-5.1
2020,3,7,-2,77.7,.12,0,0,2.9,7.4,1.8,1.8,90,11,2.8,-.01,.41,-5.3
2020,3,8,-2.8,81.3,.09,.12,0,2.8,7.4,1.5,1.2,356,37,3.7,0,.4,-5.6
2020,3,9,-.3,77.9,.14,.67,0,2.7,7.3,1.1,1,12,24,2.8,.04,.46,-3.7
2020,3,10,3.6,61.5,.31,1.28,0,2.7,7.3,1.3,1.1,335,33,2.3,.15,.48,-3.2
2020,3,11,5.2,52.7,.42,1.77,0,3.3,7.2,1.2,1,266,29,2.7,.24,.46,-3.7
2020,3,12,7.8,40,.63,2.07,0,4.5,7.2,1.1,.8,192,41,2.5,.32,.42,-4.9
2020,3,13,9.4,36.8,.75,2.11,0,5.8,7.1,1,.5,200,59,2.9,.34,.43,-4.7
2020,3,14,10.5,31.3,.87,2.01,0,7,7.1,1.3,.9,180,43,2.8,.34,.4,-5.8
2020,3,15,11.4,31.4,.93,1.65,0,8,7.1,1.1,.9,310,40,3.1,.27,.43,-4.9
2020,3,16,12.2,29.9,1,1.06,0,8.5,7,.8,.6,327,42,2.2,.16,.42,-4.9
2020,3,17,11.6,29.8,.96,.51,0,8.4,7,1.4,1.1,256,32,2.8,.06,.41,-5.5
2020,3,18,8.9,45.6,.63,.05,0,7.9,7,.4,.3,228,22,1.6,.01,.52,-2.3
2020,3,19,4.4,67.3,.28,0,0,7.2,7.1,1.4,1.3,71,20,1.9,0,.56,-1.2
2020,3,20,3.2,71.9,.22,0,0,6.6,7.1,1.6,1.6,70,7,2.1,-.01,.55,-1.4
2020,3,21,1.8,79.5,.14,0,0,6.1,7.2,1.7,1.5,99,25,2.6,-.01,.55,-1.3
2020,3,22,1,79.7,.13,0,0,5.7,7.3,1.2,1,58,26,1.9,-.01,.52,-2.1
2020,3,23,1.1,77.1,.15,0,0,5.3,7.3,1.4,1.3,62,17,2.1,-.01,.51,-2.5
2020,3,24,-.4,83.6,.1,0,0,4.9,7.3,1.1,.8,66,45,2,-.02,.5,-2.9
2020,4,1,-1.7,87.7,.07,0,0,4.6,7.4,.7,.1,320,73,2.3,-.02,.47,-3.5
2020,4,2,-2.3,91.8,.04,0,0,4.2,7.4,.8,.7,92,31,2.2,-.02,.47,-3.4
2020,4,3,-1.2,87.6,.07,0,0,4,7.4,1.3,1.3,60,13,2.1,-.02,.49,-3
2020,4,4,-2,88.4,.06,0,0,3.7,7.4,.9,.6,79,43,1.9,-.02,.47,-3.7
2020,4,5,-2.8,90,.05,0,0,3.5,7.4,.7,.4,32,52,1.4,-.02,.45,-4.2
2020,4,6,-2.8,91.4,.04,0,0,3.3,7.4,.7,.6,38,24,1.2,-.02,.46,-4
2020,4,7,-3.1,90.5,.05,0,0,3.1,7.3,.3,.3,11,15,1.2,-.02,.44,-4.5
2020,4,8,-2.8,91.9,.04,.12,0,3,7.3,.5,.4,109,37,1.3,0,.46,-3.9
2020,4,9,.1,83.1,.1,.69,0,2.8,7.3,1,.8,154,37,2.2,.05,.51,-2.5
2020,4,10,3.8,70.1,.25,1.28,0,3,7.2,.7,.5,178,41,1.7,.14,.56,-1.2
2020,4,11,6.7,58.1,.41,1.76,0,3.8,7.2,.9,.7,243,35,2.4,.24,.57,-1
2020,4,12,9.7,45.6,.66,2.07,0,4.9,7.1,1.6,1.5,305,24,3.1,.34,.55,-1.5
2020,4,13,11.7,33.3,.92,2.17,0,6.2,7.1,1.8,1.7,309,20,3.7,.39,.46,-4
2020,4,14,13.7,31.5,1.08,1.8,0,7.5,7.1,1.6,1.4,322,23,3,.33,.5,-2.8
2020,4,15,15.4,28.4,1.26,1.53,0,8.4,7,1.4,1.3,338,29,2.9,.28,.49,-2.9
2020,4,16,17,21.3,1.52,1.04,0,9,7,.5,.4,186,34,1.8,.17,.41,-5.3
2020,4,17,16.2,25.3,1.38,.53,0,9.1,7,1.2,1.1,215,18,2.2,.07,.46,-3.7
2020,4,18,12.8,38.7,.92,.06,0,8.7,7.1,.4,.4,229,16,1.2,.02,.56,-1.1
2020,4,19,7.3,58.4,.43,0,0,8,7.1,1.2,1.2,62,10,1.7,0,.59,-.4
2020,4,20,5.3,67.3,.29,0,0,7.4,7.2,1.5,1.5,75,10,2,0,.6,-.3
2020,4,21,3.3,77.5,.17,0,0,6.9,7.2,1.9,1.8,113,20,3.3,-.01,.6,-.3
2020,4,22,2.5,76.5,.17,0,0,6.4,7.3,1.4,1.2,103,33,2.5,-.01,.56,-1.2
2020,4,23,.2,85.7,.09,0,0,6,7.4,.5,.2,88,66,1.4,-.02,.53,-1.9
2020,4,24,.3,84.9,.09,0,0,5.6,7.4,.7,.6,160,33,1.6,-.02,.53,-1.9
2020,5,1,-.8,88.8,.06,0,0,5.2,7.5,.9,.7,103,35,1.9,-.02,.51,-2.5
2020,5,2,-.5,85.7,.08,0,0,4.8,7.5,1.1,1,54,23,1.9,-.02,.5,-2.6
2020,5,3,-1.1,86.7,.08,0,0,4.5,7.5,.9,.8,132,28,1.6,-.02,.49,-3
2020,5,4,-1.9,89,.06,0,0,4.2,7.5,.9,.8,88,25,1.5,-.02,.47,-3.5
2020,5,5,-2.5,90.4,.05,0,0,3.9,7.5,1,.9,68,28,1.6,-.02,.46,-3.8
2020,5,6,-2.8,90.3,.05,0,0,3.7,7.5,.8,.7,113,27,1.5,-.02,.45,-4.1
2020,5,7,-3.2,91.3,.04,0,0,3.4,7.5,.8,.7,28,25,1.5,-.02,.44,-4.4
2020,5,8,-2.1,90.2,.05,.16,0,3.2,7.5,.9,.7,19,32,1.9,0,.47,-3.5
2020,5,9,2.4,78.7,.16,.76,0,3.1,7.4,.7,.6,108,26,1.7,.06,.57,-1
2020,5,10,4.7,72.1,.24,1.3,0,3.3,7.4,1.6,1.5,322,22,2.8,.16,.61,.1
2020,5,11,6.6,62.6,.37,1.79,0,4.1,7.4,1.6,1.5,277,19,3.6,.25,.61,-.1
2020,5,12,10.6,44.5,.71,2.1,0,5.3,7.3,1.4,1.3,308,26,2.7,.35,.57,-1
2020,5,13,14.4,32.7,1.11,2.19,0,6.7,7.3,1.3,1.1,307,34,2.7,.4,.54,-1.8
2020,5,14,17.2,25.1,1.48,2.06,0,8.1,7.2,.7,.4,294,51,2.3,.39,.49,-2.9
2020,5,15,18.5,24,1.62,1.71,0,9.2,7.2,1,.7,232,45,2.4,.33,.51,-2.4
2020,5,16,19.6,22.4,1.76,1.17,0,9.9,7.2,.5,.5,214,26,1.6,.2,.51,-2.5
2020,5,17,19.3,24,1.71,.55,0,10,7.2,.6,.6,187,17,1.7,.07,.53,-1.9
2020,5,18,14.6,35.1,1.09,.06,0,9.5,7.2,.5,.3,182,40,1.5,.03,.58,-.8
2020,5,19,8.7,54.4,.53,0,0,8.8,7.3,1.3,1.1,81,38,2.1,.01,.61,-.1
2020,5,20,6.2,63.9,.34,0,0,8.2,7.4,1.7,1.7,71,11,2.3,0,.61,-.1
2020,5,21,4.3,71.6,.24,0,0,7.6,7.5,1.9,1.7,109,25,2.9,0,.6,-.4
2020,5,22,2.1,78.7,.16,0,0,7.1,7.5,1.3,.6,39,59,2.2,-.01,.56,-1.2
2020,5,23,.3,87.7,.08,0,0,6.6,7.6,.8,.6,61,40,1.9,-.02,.55,-1.5
2020,5,24,1.7,81.7,.13,0,0,6.2,7.7,1.2,1.1,55,29,2.5,-.01,.56,-1.1
2020,6,1,.9,81.7,.12,0,0,5.8,7.7,1.3,1.2,79,10,1.9,-.01,.53,-1.9
2020,6,2,.1,84.2,.1,0,0,5.4,7.8,1.6,1.5,41,20,2.2,-.01,.52,-2.3
2020,6,3,-.5,85.4,.09,0,0,5.1,7.8,.9,.8,70,25,1.5,-.02,.5,-2.6
2020,6,4,-1.8,90.3,.05,0,0,4.7,7.8,1.1,1,81,14,1.7,-.02,.49,-3.1
2020,6,5,-1.3,88.1,.07,0,0,4.4,7.8,1.4,1.4,79,13,2.2,-.02,.49,-3
2020,6,6,-1.4,86.1,.08,0,0,4.1,7.8,1.4,1.4,71,9,1.9,-.02,.47,-3.4
2020,6,7,-1.7,86,.08,0,0,3.9,7.8,1.3,1.3,84,14,2.1,-.02,.46,-3.8
2020,6,8,-2.2,85.8,.07,.14,0,3.6,7.7,1.1,.7,2,47,2.2,0,.45,-4.2
2020,6,9,.4,85.4,.09,.69,0,3.5,7.7,1.3,0,68,80,3.4,.05,.54,-1.8
2020,6,10,4.8,67.7,.28,1.3,0,3.7,7.7,1.4,1.2,172,25,2.1,.16,.58,-.8
2020,6,11,8.3,53.3,.51,1.8,0,4.5,7.6,1.1,.9,224,30,2.8,.27,.58,-.6
2020,6,12,10.4,48.4,.65,2.11,0,5.7,7.6,1.9,1.8,209,18,3.3,.35,.61,-.1
2020,6,13,13.3,34.2,1.01,2.2,0,7,7.5,3.1,3,211,17,4.8,.43,.52,-2.2
2020,6,14,15.9,22.6,1.4,2.08,0,8.2,7.5,3.9,3.8,241,15,7.3,.46,.41,-5.5
2020,6,15,16.9,17.3,1.59,1.72,0,9.1,7.5,3.8,3.4,264,25,6.3,.4,.33,-8.1
2020,6,16,16.4,13.1,1.62,1.19,0,9.7,7.4,4.6,4.5,98,12,6.9,.31,.24,-12
2020,6,17,15.7,13.3,1.55,.56,0,9.7,7.5,3.2,3.2,89,12,5.7,.14,.24,-12.3
2020,6,18,11.8,23.5,1.07,.06,0,9.2,7.5,2.5,2.5,102,10,3.6,.07,.32,-8.6
2020,6,19,8.6,31.2,.77,0,0,8.5,7.5,2.8,2.8,88,9,3.7,.04,.35,-7.5
2020,6,20,6.8,37,.62,0,0,7.9,7.6,2.6,2.5,72,13,3.6,.03,.37,-6.8
2020,6,21,6.5,37,.62,0,0,7.4,7.7,2.4,1.8,84,40,3.9,.03,.35,-7.2
2020,6,22,4.4,47.5,.44,0,0,6.9,7.7,2.7,2.6,110,14,4.1,.02,.4,-5.8
2020,6,23,4.3,46,.45,0,0,6.5,7.8,1.8,1.2,51,49,3.9,.01,.38,-6.3
2020,6,24,.8,61.8,.25,0,0,6,7.8,1,.6,121,55,2.2,0,.4,-5.8
2020,7,1,.2,63.7,.23,0,0,5.6,7.9,1.1,.8,63,44,2.1,-.01,.4,-5.8
2020,7,2,-.6,67.5,.19,0,0,5.1,7.9,1.2,1.1,152,25,2.3,-.01,.39,-5.9
2020,7,3,-1.2,70.4,.17,0,0,4.7,7.9,1.4,1.4,95,12,2.5,-.01,.39,-5.9
2020,7,4,-1.7,72.9,.15,0,0,4.4,7.9,1.1,1,94,23,2.3,-.01,.39,-5.9
2020,7,5,-2.7,74.6,.13,0,0,4.1,7.9,.9,.7,157,31,2.2,-.01,.37,-6.6
2020,7,6,-3.6,76.2,.11,0,0,3.7,7.9,.5,.3,346,49,1.6,-.01,.36,-7.2
2020,7,7,-4.1,82.4,.08,0,0,3.5,7.9,.9,.8,89,25,2.8,-.01,.37,-6.6
2020,7,8,-3.1,78.8,.1,.13,0,3.3,7.8,1.7,1.6,121,17,3.3,0,.38,-6.2
2020,7,9,.7,68.2,.21,.69,0,3.1,7.8,1.4,1,163,41,2.2,.05,.44,-4.5
2020,7,10,4.1,53.7,.38,1.32,0,3.2,7.7,.6,.4,227,50,1.9,.16,.44,-4.5
2020,7,11,7.9,40.8,.63,1.79,0,4,7.7,.7,.6,218,41,2.5,.26,.44,-4.6
2020,7,12,10.7,30.5,.9,2.12,0,5.2,7.6,1.5,1.4,248,25,3.4,.36,.39,-5.9
2020,7,13,12.2,23.7,1.09,2.06,0,6.5,7.6,2.2,2.1,262,20,4.4,.38,.34,-7.9
2020,7,14,14.1,20.1,1.29,2.12,0,7.8,7.5,1.4,1.1,280,37,3,.4,.32,-8.4
2020,7,15,14.5,21.1,1.3,1.66,0,8.8,7.5,2.2,2,272,21,4.1,.32,.35,-7.5
2020,7,16,14.9,19.6,1.37,1.2,0,9.3,7.4,1.7,1.6,290,26,3.1,.22,.33,-8.1
2020,7,17,14.6,19.1,1.34,.58,0,9.4,7.4,1.5,1.4,282,17,2.5,.09,.32,-8.7
2020,7,18,10.6,38.4,.8,.07,0,8.9,7.4,1.1,.9,168,27,2.2,.03,.48,-3.2
2020,7,19,5.9,44.5,.52,0,0,8.2,7.5,1.5,1.4,95,21,2.5,.01,.41,-5.4
2020,7,20,2.7,59.2,.3,0,0,7.5,7.6,1.6,1.2,113,39,2.7,0,.44,-4.5
2020,7,21,1.8,55.8,.31,0,0,6.9,7.6,1.6,1.6,128,10,2.3,0,.39,-6.1
2020,7,22,.9,58.2,.27,0,0,6.4,7.7,1.2,1.1,127,15,1.7,0,.38,-6.4
2020,7,23,.3,59.8,.25,0,0,5.8,7.7,.7,.5,73,37,1.3,-.01,.37,-6.6
2020,7,24,-1.4,70.1,.17,0,0,5.4,7.8,.6,.5,59,43,1.5,-.01,.39,-6.1
2020,8,1,-2.6,77.9,.11,0,0,4.9,7.8,1.3,1.3,132,14,2.2,-.01,.39,-5.9
2020,8,2,-2.9,81.5,.09,0,0,4.6,7.8,1.3,1.3,95,13,2.2,-.01,.4,-5.6
2020,8,3,-2.5,77.3,.12,0,0,4.2,7.8,1.3,1,88,39,2.2,-.01,.39,-5.9
2020,8,4,-3.9,85.7,.06,0,0,3.9,7.8,.6,.5,109,27,1.3,-.02,.39,-5.9
2020,8,5,-3.8,84.3,.07,0,0,3.7,7.8,.9,.8,126,29,2,-.02,.39,-6.1
2020,8,6,-4,83.6,.08,0,0,3.4,7.8,1,.8,73,30,1.8,-.01,.38,-6.3
2020,8,7,-4.5,87.7,.05,0,0,3.2,7.7,.8,.8,111,19,1.5,-.02,.38,-6.2
2020,8,8,-3.4,82.5,.08,.12,0,3,7.7,.9,.9,69,7,1.5,0,.39,-6
2020,8,9,2.3,61.5,.28,.68,0,2.9,7.7,.2,.2,104,29,.9,.05,.44,-4.4
2020,8,10,4.3,56,.37,1.29,0,3,7.6,1,.9,293,25,1.9,.16,.47,-3.7
2020,8,11,8.4,41.7,.64,1.79,0,3.8,7.6,.5,.2,290,57,1.8,.26,.46,-3.9
2020,8,12,11.6,33.5,.91,2.08,0,5.1,7.5,1.3,1,189,41,3.3,.36,.46,-3.9
2020,8,13,14.8,25.3,1.26,2.01,0,6.5,7.4,2.7,2.5,172,23,5,.41,.42,-5
2020,8,14,16.1,21,1.45,1.75,0,7.7,7.4,2.7,2.5,184,23,5.1,.37,.38,-6.2
2020,8,15,17,19.5,1.56,1.61,0,8.6,7.3,1.7,1.5,195,28,3.8,.32,.38,-6.4
2020,8,16,17.4,19.7,1.59,1.17,0,9.3,7.3,3.2,2.9,247,26,6.3,.27,.39,-6
2020,8,17,16.5,20,1.5,.56,0,9.4,7.3,4,3.9,257,16,5.8,.15,.37,-6.6
2020,8,18,12.4,23.8,1.1,.07,0,9,7.3,3.1,2.8,247,21,5.8,.08,.34,-7.8
2020,8,19,9.7,26.4,.89,0,0,8.4,7.4,1.4,1.3,148,20,3,.03,.32,-8.6
2020,8,20,8,28.4,.77,0,0,7.8,7.4,2.1,2.1,202,13,3,.04,.31,-9.2
2020,8,21,7,31.3,.69,0,0,7.3,7.5,1.9,1.8,207,18,3,.03,.31,-9
2020,8,22,4.6,42.7,.49,0,0,6.8,7.6,2,1.8,103,29,4.2,.02,.36,-7
2020,8,23,3.4,46.3,.42,0,0,6.3,7.6,1.8,1.8,99,15,3,.01,.36,-7
2020,8,24,2.5,50.8,.36,0,0,5.9,7.7,1.3,1.1,55,33,2.3,0,.37,-6.7
2020,9,1,2,57.1,.3,0,0,5.5,7.7,2,1.9,89,15,2.7,.01,.4,-5.6
2020,9,2,.9,63.8,.24,0,0,5.1,7.7,1.7,1.6,78,14,2.5,0,.42,-5.2
2020,9,3,1.2,64.1,.24,0,0,4.8,7.8,2.5,2.4,97,11,3.7,0,.43,-4.9
2020,9,4,1.5,62,.26,0,0,4.5,7.8,2.3,2.2,100,12,3.1,0,.42,-5
2020,9,5,2.2,58.4,.3,0,0,4.2,7.8,2.5,2.5,106,10,3.8,.01,.42,-5.1
2020,9,6,1.7,58.6,.29,0,0,4,7.7,2.7,2.7,107,9,3.9,.01,.41,-5.5
2020,9,7,.6,61.4,.25,0,0,3.8,7.7,1.1,.8,80,40,3.2,0,.39,-6
2020,9,8,-.1,66.7,.21,.16,0,3.5,7.7,2,1.6,104,35,4.1,.02,.4,-5.6
2020,9,9,4.5,53.9,.39,.58,0,3.5,7.7,3.2,3.1,134,13,6.2,.07,.45,-4.1
2020,9,10,7.5,48.6,.54,1.09,0,3.9,7.6,3.9,3.7,143,14,6.5,.18,.5,-2.7
2020,9,11,11.7,32.2,.94,1.77,0,4.7,7.6,5.4,5.2,170,15,7.6,.38,.44,-4.5
2020,9,12,13.9,23.3,1.22,2.16,0,5.8,7.5,6,5.6,183,21,8.9,.51,.37,-6.7
2020,9,13,15.1,17.6,1.41,2.17,0,7.2,7.5,6.3,6.1,204,14,9.1,.54,.3,-9.3
2020,9,14,14.7,16.5,1.4,.87,0,8,7.4,5.1,4.9,224,16,9.4,.24,.28,-10.5
2020,9,15,15.5,14.5,1.51,1.66,0,8.4,7.4,7.5,7.3,237,13,10,.48,.26,-11.4
2020,9,16,14,19.1,1.3,.87,0,8.9,7.4,7.8,7.7,249,11,11.3,.3,.3,-9.2
2020,9,17,12.3,22.8,1.1,.13,0,8.8,7.4,6.6,6.5,251,10,10.3,.15,.32,-8.4
2020,9,18,10.5,30.2,.89,.02,0,8.5,7.4,4.1,4.1,264,10,6.3,.07,.38,-6.3
2020,9,19,8.5,39.6,.67,0,0,8.1,7.5,3.3,3.2,282,11,5,.04,.44,-4.5
2020,9,20,8.6,40.5,.67,0,0,7.7,7.5,3.2,3.1,255,18,6.2,.04,.45,-4.1
2020,9,21,7,44.2,.56,0,0,7.3,7.6,2,1.7,359,32,5.4,.02,.44,-4.3
2020,9,22,7.9,44.2,.59,0,0,7.1,7.7,2.4,2,319,35,4.8,.03,.47,-3.6
2020,9,23,6.5,63.4,.36,0,0,6.9,7.7,2.5,1.9,253,42,4.8,.01,.61,0
2020,9,24,4,91.5,.07,0,.76,6.8,7.8,3.1,3,348,14,5.7,-.02,.74,2.7
2020,10,1,3.6,92.9,.06,0,.25,6.6,7.8,2.7,2.6,340,15,4.7,-.02,.73,2.5
2020,10,2,2.9,93,.05,0,.25,6.4,7.8,2,1.9,344,15,4.9,-.02,.7,1.9
2020,10,3,2.4,95.1,.04,0,.25,6.2,7.8,.4,.3,353,27,1.4,-.02,.69,1.7
2020,10,4,2.2,95.2,.04,0,.51,6.1,7.8,1.9,1.8,282,17,6,-.02,.68,1.5
2020,10,5,1.9,94.3,.04,0,0,5.9,7.8,3.7,3.7,282,11,5.5,-.02,.66,1.1
2020,10,6,.7,95.1,.03,0,.25,5.5,7.8,1.6,1.1,300,43,4,-.02,.61,0
2020,10,7,.8,96.2,.02,0,.25,5.2,7.9,.2,.1,27,64,1.1,-.02,.62,.2
2020,10,8,.9,96.2,.03,.02,1.02,5.1,7.8,2.2,2.1,329,14,4.2,-.02,.63,.4
2020,10,9,1.5,94.8,.04,.5,0,4.9,7.8,2.1,2,281,23,5.8,.02,.65,.8
2020,10,10,4.3,82.9,.14,1.27,0,5,7.8,6.4,6.2,286,11,8.9,.16,.69,1.6
2020,10,11,5.9,72.6,.25,1.56,0,5.4,7.8,6.6,6.5,289,11,9.4,.24,.67,1.3
2020,10,12,6.6,63.5,.36,1.44,0,5.9,7.8,5.4,5.2,299,15,8.7,.23,.62,.2
2020,10,13,8.1,55.2,.48,1.87,.25,6.6,7.8,6.4,6.2,310,15,9.8,.34,.59,-.4
2020,10,14,8.2,51,.53,1.61,0,7.1,7.7,6.8,6.7,312,11,9.9,.3,.55,-1.4
2020,10,15,8.6,40.7,.66,1.6,0,7.5,7.7,7.2,7,315,13,9.8,.33,.45,-4
2020,10,16,8.5,36.9,.7,1,0,7.7,7.7,5.9,5.7,323,12,8.9,.21,.41,-5.4
2020,10,17,8.4,39.8,.66,.57,0,7.7,7.7,4.5,4.4,325,13,6.4,.11,.44,-4.5
2020,10,18,5.7,56.3,.41,.06,0,7.3,7.7,2.5,2.5,329,12,5.6,.02,.51,-2.4
2020,10,19,3.5,65.4,.27,0,0,6.8,7.7,1.1,.7,334,47,2.3,0,.51,-2.4
2020,10,20,1.7,76.5,.16,0,0,6.2,7.8,1.1,.9,73,30,2,-.01,.53,-2
2020,10,21,.5,82.9,.11,0,0,5.7,7.8,1.3,1.2,66,25,2.1,-.01,.53,-2
2020,10,22,-.2,84.7,.09,0,0,5.3,7.8,1.3,1.2,74,29,2.3,-.02,.51,-2.5
2020,10,23,-.8,86.9,.08,0,0,4.9,7.8,1.1,1,97,30,2.1,-.02,.5,-2.7
2020,10,24,-.2,76.8,.14,0,0,4.5,7.8,.8,.3,41,64,2.2,-.01,.46,-3.8
2020,11,1,-1.8,84.6,.08,0,0,4.2,7.8,1.5,1.5,98,12,2.5,-.01,.45,-4.1
2020,11,2,-2.2,80.6,.1,0,0,3.9,7.8,1.6,1.5,119,23,2.8,-.01,.42,-5.1
2020,11,3,-2.9,82.5,.09,0,0,3.7,7.8,1.6,1.5,97,20,2.8,-.01,.41,-5.5
2020,11,4,-3.2,82,.09,0,0,3.4,7.8,1.4,1.3,78,7,2,-.01,.4,-5.8
2020,11,5,-4.1,85.8,.06,0,0,3.2,7.7,.5,.2,95,59,1.4,-.02,.39,-6.1
2020,11,6,-4.8,88.2,.05,0,0,3,7.7,.8,.7,50,31,1.7,-.02,.38,-6.5
2020,11,7,-5.2,90,.04,0,0,2.8,7.6,1,.8,73,37,2,-.02,.38,-6.5
2020,11,8,-4.8,88.8,.05,.13,0,2.7,7.6,.7,.6,142,25,1.7,0,.38,-6.4
2020,11,9,-1.2,75.8,.14,.69,0,2.6,7.5,.3,.1,59,61,1.2,.04,.42,-5
2020,11,10,2.4,64.7,.26,1.29,0,2.6,7.5,.6,0,176,79,2.1,.14,.47,-3.6
2020,11,11,5.3,47,.47,1.79,0,3.1,7.4,1.6,1.5,158,24,3.2,.25,.42,-5.1
2020,11,12,7.2,43.7,.57,2.1,0,4.3,7.3,1.9,1.6,166,32,3.7,.33,.44,-4.3
2020,11,13,8.7,39.1,.69,2.2,0,5.7,7.3,1.8,1.4,160,34,3.7,.36,.44,-4.4
2020,11,14,10.6,30.2,.89,2.07,0,7,7.2,2.1,1.9,147,25,4.2,.36,.39,-6.1
2020,11,15,12.3,25.5,1.07,1.73,0,8.1,7.2,1.5,1.1,167,43,3.6,.3,.37,-6.9
2020,11,16,13.3,23.1,1.17,1.21,0,8.7,7.1,1.2,1,149,28,2.6,.2,.35,-7.3
2020,11,17,13.2,23.3,1.17,.58,0,8.8,7.1,1.5,1.5,159,15,3.5,.09,.35,-7.3
2020,11,18,10.6,33.8,.85,.08,0,8.3,7.1,1.3,1.2,121,20,2,.04,.43,-4.8
2020,11,19,6.3,51.3,.47,0,0,7.6,7.2,1.6,1.6,102,16,2.6,.01,.49,-3
2020,11,20,5.8,47.3,.49,0,0,7,7.2,1.6,1.4,111,30,2.7,.01,.44,-4.5
2020,11,21,4.1,51.8,.4,0,0,6.4,7.3,1.3,1.2,99,26,2.4,.01,.43,-4.9
2020,11,22,2.8,58.6,.31,0,0,5.9,7.3,2,2,93,11,3.2,0,.44,-4.5
2020,11,23,3.6,55,.35,0,0,5.5,7.4,2.3,2.2,113,9,3.3,.01,.43,-4.6
2020,11,24,3.1,56.7,.33,0,0,5.1,7.4,1.5,1.4,93,19,2.2,0,.43,-4.7
2020,12,1,.2,72.9,.17,0,0,4.8,7.5,1.6,1.6,80,12,2.4,-.01,.45,-4.1
2020,12,2,-.8,77.3,.13,0,0,4.4,7.5,1.4,1.4,84,14,2.2,-.01,.45,-4.2
2020,12,3,-.4,74.5,.15,0,0,4.1,7.5,1.9,1.9,96,13,3,-.01,.44,-4.4
2020,12,4,-.6,73.3,.16,0,0,3.8,7.5,1.6,1.6,78,10,2.5,-.01,.43,-4.7
2020,12,5,-1.9,79.4,.11,0,0,3.6,7.5,1.6,1.5,90,17,2.3,-.01,.42,-4.9
2020,12,6,-2.5,80.6,.1,0,0,3.4,7.4,1.2,1.2,69,15,2,-.01,.41,-5.4
2020,12,7,-3.1,83.7,.08,0,0,3.1,7.4,1.4,1.4,81,7,1.9,-.01,.41,-5.4
2020,12,8,-2.6,81.5,.09,.13,0,2.9,7.4,1.3,1.1,71,24,1.9,0,.41,-5.3
2020,12,9,-.9,76.7,.14,.68,0,2.8,7.4,.4,.4,277,19,1.5,.04,.44,-4.5
2020,12,10,4.2,59.4,.34,1.3,0,2.9,7.3,.3,.2,230,40,1.2,.15,.49,-3.1
2020,12,11,8.4,45.2,.61,1.81,0,3.7,7.3,.6,.4,311,38,1.9,.27,.5,-2.8
2020,12,12,11.3,33.4,.9,2.13,0,4.9,7.2,.6,.2,164,67,1.9,.35,.44,-4.3
2020,12,13,12.9,24.9,1.12,2.24,0,6.4,7.2,1.1,.8,181,44,4,.4,.37,-6.7
2020,12,14,14.1,24.3,1.22,2.12,0,7.8,7.1,1.2,.8,203,46,2.9,.39,.39,-6
2020,12,15,15.4,21.5,1.38,1.77,0,8.9,7.1,.9,.6,208,51,3,.32,.38,-6.5
2020,12,16,16.1,18.9,1.49,1.23,0,9.5,7.1,.7,.4,58,56,2.3,.21,.35,-7.6
2020,12,17,15.8,17.5,1.48,.47,0,9.6,7.1,.8,.7,124,24,3.7,.05,.31,-8.8
2020,12,18,11.8,29.1,.99,.05,0,9.1,7.1,1.1,1,94,12,2.1,.04,.4,-5.8
2020,12,19,8.3,39.8,.66,0,0,8.4,7.2,1.3,1.3,94,12,2.2,.02,.43,-4.6
2020,12,20,5.7,50.8,.45,0,0,7.7,7.2,1.8,1.7,105,14,3,.01,.47,-3.7
2020,12,21,5.7,46.9,.49,0,0,7.1,7.3,2,1.9,118,12,2.7,.02,.43,-4.8
2020,12,22,3.8,57.9,.34,0,0,6.6,7.4,1.9,1.9,89,8,2.7,.01,.46,-3.8
2020,12,23,2.6,62,.28,0,0,6.2,7.4,2,2,88,10,2.9,0,.46,-4
2020,12,24,2.5,59.2,.3,0,0,5.8,7.5,1.9,1.9,85,9,2.5,0,.43,-4.7
2020,13,1,2.6,55.8,.33,0,0,5.4,7.5,2.1,2.1,96,9,3.3,.01,.41,-5.3
2020,13,2,2.1,57.7,.3,0,0,5.1,7.6,1.9,1.9,87,8,2.7,0,.41,-5.4
2020,13,3,2.9,50.6,.37,0,0,4.8,7.6,2.1,2,106,13,3.1,.01,.38,-6.4
2020,13,4,.8,62.2,.25,0,0,4.5,7.6,1.5,1.4,78,11,2.2,0,.4,-5.6
2020,13,5,2.1,56.3,.31,0,0,4.2,7.6,1.8,1.7,105,19,3.1,0,.4,-5.7
2020,13,6,2.3,55.4,.32,0,0,3.9,7.6,.8,.7,93,24,1.9,0,.4,-5.7
2020,13,7,1.5,59.3,.28,0,0,3.7,7.6,1.6,1.5,98,16,3,0,.4,-5.6
2020,13,8,2.9,52.4,.36,.13,0,3.5,7.5,1.6,1.5,87,9,2.8,.02,.39,-5.9
2020,13,9,6.9,39.6,.6,.68,0,3.4,7.5,.8,.8,104,14,1.9,.07,.39,-5.9
2020,13,10,10.2,31.5,.86,1.3,0,3.8,7.5,.5,.4,155,40,2.3,.19,.39,-5.9
2020,13,11,12.3,31.2,.99,1.81,0,4.7,7.4,1.1,.9,201,28,2.4,.31,.45,-4.2
2020,13,12,15.4,24.6,1.32,2.13,0,6,7.4,1.5,1.4,212,23,2.8,.41,.43,-4.8
2020,13,13,16.9,19.2,1.56,2.24,0,7.4,7.3,2.3,2.1,251,26,5.2,.47,.37,-6.7
2020,13,14,17.6,17.5,1.66,2.12,0,8.7,7.3,3.1,2.9,258,20,5.4,.47,.35,-7.3
2020,13,15,18.4,16.9,1.75,1.78,0,9.7,7.3,2,1.7,293,30,4.3,.37,.36,-7.2
2020,13,16,18.6,15.4,1.81,1.25,0,10.3,7.3,2.5,2.3,275,24,6.3,.28,.33,-8.2
2020,13,17,17.8,16.1,1.71,.61,0,10.4,7.3,3,2.9,282,12,4.8,.15,.33,-8.3
2020,13,18,13.9,26.5,1.18,.09,0,10,7.3,1.7,1.5,288,28,2.8,.06,.41,-5.2
2020,13,19,9.3,37.1,.74,0,0,9.3,7.4,1.6,1.5,66,18,2.5,.02,.44,-4.6
2020,13,20,7,42.3,.59,0,0,8.6,7.5,1.8,1.6,99,31,3.1,.02,.42,-5.1
2020,13,21,5.2,50.8,.44,0,0,8,7.6,2.2,2.2,94,6,3,.01,.45,-4.1
2020,13,22,5.1,49.7,.44,0,0,7.5,7.7,1.9,1.8,93,11,2.9,.01,.44,-4.6
2020,13,23,3.3,56.3,.34,0,0,7,7.7,1.3,.9,73,46,1.9,0,.43,-4.6
2020,13,24,2.8,56.6,.33,0,0,6.5,7.8,1.4,1.4,73,15,2.2,0,.42,-4.9
2020,14,1,1.2,65.6,.23,0,0,6.1,7.8,1.5,1.5,71,12,2.1,0,.44,-4.5
2020,14,2,.3,70.2,.19,0,0,5.8,7.9,.4,.1,317,73,1.2,-.01,.44,-4.4
2020,14,3,-.1,71.3,.17,0,0,5.4,7.9,.7,.6,20,31,1.5,-.01,.43,-4.7
2020,14,4,-1,76.1,.14,0,0,5,7.9,1.1,1.1,17,17,1.6,-.01,.43,-4.7
2020,14,5,-1.2,77.5,.13,0,0,4.7,7.9,.8,.7,55,23,1.7,-.01,.44,-4.6
2020,14,6,-1.5,81.7,.1,0,0,4.5,7.9,1.3,1.2,128,19,2.2,-.01,.45,-4.2
2020,14,7,-.7,79.7,.12,0,0,4.3,7.9,.8,.7,85,38,2.1,-.01,.46,-3.7
2020,14,8,-1.8,85,.08,.12,0,4.1,7.9,1,.8,335,34,2.4,0,.46,-4
2020,14,9,1.7,73.2,.19,.69,0,4,7.8,.7,.5,1,48,1.9,.05,.5,-2.6
2020,14,10,6,58.9,.39,1.32,0,4.2,7.8,.4,.3,278,50,1.5,.16,.55,-1.5
2020,14,11,10.9,44,.75,1.83,0,5,7.8,.9,.5,237,51,2.3,.29,.57,-1
2020,14,12,15,30.8,1.19,2.02,0,6.3,7.7,1.5,1.2,191,35,3.6,.38,.52,-2.1
2020,14,13,17.7,16.6,1.69,2.01,0,7.6,7.7,3.6,3.5,160,13,6.3,.47,.34,-7.9
2020,14,14,19.5,12.4,1.99,2.2,0,8.9,7.6,1.6,1.2,238,38,3.3,.47,.28,-10.3
2020,14,15,19.6,12.6,2,1.75,0,10,7.6,2.3,2.1,320,19,4.6,.39,.29,-10
2020,14,16,18.6,13.8,1.85,.96,0,10.6,7.6,2.4,2.4,328,14,4.6,.21,.29,-9.6
2020,14,17,17.4,19.2,1.61,.4,0,10.6,7.6,1.6,1.5,316,19,2.8,.06,.38,-6.4
2020,14,18,14.3,27.3,1.18,.04,0,10.2,7.6,1.4,1.4,314,18,2.3,.05,.44,-4.4
2020,14,19,11.4,31.6,.93,0,0,9.7,7.7,1.5,.6,6,64,2.5,.03,.43,-4.9
2020,14,20,8.9,41.1,.67,0,0,9.2,7.8,1.7,1.6,119,20,2.5,.02,.47,-3.7
2020,14,21,9,40.2,.69,0,0,8.8,7.9,1.9,1.7,112,21,2.8,.02,.46,-3.8
2020,14,22,9.2,38.7,.71,0,0,8.5,7.9,2,2,95,6,2.8,.03,.45,-4.2
2020,14,23,8.8,39.4,.69,0,0,8.2,8,1.7,1.5,89,30,2.8,.02,.44,-4.3
2020,14,24,7.2,47,.54,0,0,8,8.1,1,.6,43,50,1.7,.01,.48,-3.4
2020,15,1,5.6,55.8,.4,0,0,7.7,8.1,.6,.2,44,67,1.5,0,.51,-2.6
2020,15,2,4.8,63.9,.31,0,0,7.4,8.2,.8,.3,141,62,2.3,-.01,.55,-1.5
2020,15,3,4,69.7,.25,0,0,7.2,8.2,1,.8,70,36,1.9,-.01,.57,-1
2020,15,4,3.8,65.4,.28,0,0,6.9,8.2,1,.9,93,19,1.8,-.01,.52,-2.1
2020,15,5,3.5,66.3,.26,0,0,6.7,8.3,.9,.7,101,38,1.5,-.01,.52,-2.2
2020,15,6,2.1,70.2,.22,0,0,6.4,8.3,1.2,.9,48,39,2.1,-.01,.5,-2.8
2020,15,7,1.7,71.9,.19,0,0,6.1,8.3,1,1,41,14,1.9,-.01,.5,-2.9
2020,15,8,1,73.7,.17,.06,0,5.8,8.3,.7,.5,49,34,1.3,0,.49,-3.1
2020,15,9,3.5,68.8,.25,.52,0,5.6,8.3,.5,.5,79,27,1.3,.03,.54,-1.8
2020,15,10,6.7,58.1,.41,.65,0,5.8,8.3,.8,.5,224,45,1.7,.06,.57,-.9
2020,15,11,8.6,51.4,.54,.96,0,6.3,8.2,.6,.6,314,22,1.9,.12,.57,-.9
2020,15,12,12.1,36,.91,1.44,0,7,8.2,.4,.3,217,39,1.9,.22,.51,-2.6
2020,15,13,15,32.7,1.15,1.62,0,8.1,8.2,1.1,.9,271,28,2.8,.29,.56,-1.3
2020,15,14,15.8,29.4,1.26,1.47,0,9,8.2,1,1,322,20,2.6,.26,.52,-2.1
2020,15,15,17.7,22.5,1.57,1.23,0,9.8,8.2,.5,.3,275,48,2.1,.21,.46,-3.9
2020,15,16,17,23.9,1.48,.53,0,10.2,8.1,1.2,1.2,325,11,2.5,.07,.46,-3.8
2020,15,17,16,29,1.29,.27,0,10.3,8.2,.9,.9,351,16,1.9,.04,.53,-2
2020,15,18,14.2,34.1,1.07,.03,0,10.1,8.2,.8,.5,142,49,2.8,.03,.55,-1.4
2020,15,19,12,44.5,.78,0,0,9.8,8.2,1.5,1.1,110,41,2.5,.02,.62,.3
2020,15,20,9.8,55.2,.55,0,0,9.5,8.3,1,.8,157,37,2.5,.01,.67,1.2
2020,15,21,9.9,50.9,.6,0,0,9.2,8.3,1.4,1.4,108,10,2.9,.01,.62,.2
2020,15,22,10.3,42.6,.72,0,0,9,8.4,2,2,90,9,3,.03,.53,-1.9
2020,15,23,10.4,40.5,.76,0,0,8.8,8.5,1.3,1,95,37,2.4,.02,.51,-2.5
2020,15,24,7.6,64.7,.37,0,0,8.6,8.5,.7,.2,263,66,2.2,0,.67,1.3
2020,16,1,6.8,71.8,.28,0,0,8.4,8.6,.7,.5,349,44,1.9,-.01,.71,2.1
2020,16,2,7.2,66.2,.34,0,0,8.3,8.6,1.6,1.4,6,31,2.8,0,.67,1.3
2020,16,3,8.7,53.5,.52,0,0,8.1,8.6,1.4,1.3,62,25,2.9,.01,.6,-.2
2020,16,4,9.6,45.9,.65,0,0,8.1,8.6,1.7,.8,132,59,5.2,.02,.54,-1.6
2020,16,5,8.1,58.9,.45,0,0,8,8.7,1.6,.5,106,67,5.7,.01,.63,.4
2020,16,6,9.3,50.3,.58,0,0,7.9,8.7,1.2,.6,58,57,4.6,.01,.59,-.5
2020,16,7,10.7,53,.6,0,0,7.9,8.7,1.3,1.1,94,35,2.5,.01,.68,1.5
2020,16,8,11.3,60.6,.53,.01,0,7.9,8.7,2.8,2.8,78,10,4.5,.02,.81,4
2020,16,9,11.6,66.2,.46,.09,0,8,8.7,3.9,3.9,86,8,5.6,.04,.9,5.5
2020,16,10,11.3,75.2,.33,.21,.25,8.1,8.7,1.9,1.9,91,12,4.4,.03,1.01,7.1
2020,16,11,10.5,85.7,.18,.38,.76,8.3,8.7,1.2,.8,130,45,2.5,.01,1.09,8.2
2020,16,12,11.6,84.6,.21,.61,.25,8.8,8.7,1.6,1.5,113,20,3.3,.05,1.15,9
2020,16,13,11.3,87.1,.18,.46,.76,9.2,8.7,1,.6,285,51,2.5,.02,1.16,9.2
2020,16,14,10.1,95,.06,.41,1.02,9.4,8.7,1.2,1.1,321,25,2,.01,1.18,9.4
2020,16,15,10.3,92.1,.1,.37,.51,9.6,8.7,.3,.2,44,40,1.5,0,1.15,9.1
2020,16,16,10.5,89.4,.14,.22,.25,9.7,8.8,.4,.3,88,32,1.8,-.02,1.13,8.8
2020,16,17,10.2,92.2,.1,.12,.51,9.7,8.8,2,2,104,11,4.2,0,1.15,9
2020,16,18,9.7,93.6,.08,.02,.25,9.6,8.8,3.2,3.2,105,12,5.1,-.01,1.13,8.7
2020,16,19,9.6,91.9,.1,0,.25,9.5,8.8,2.8,2.8,104,12,4.6,-.02,1.1,8.3
2020,16,20,9.7,90.9,.11,0,0,9.3,8.9,2.5,2.4,121,14,3.5,-.02,1.1,8.3
2020,16,21,9.5,91.4,.1,0,.25,9.2,8.9,2.6,2.6,140,10,4.6,-.02,1.09,8.2
2020,16,22,9.3,92.7,.09,0,0,9.1,8.9,2.6,2.5,147,12,4.4,-.02,1.08,8.1
2020,16,23,9.4,91.1,.1,0,0,9,9,2.6,2.4,136,22,5.3,-.02,1.08,8
2020,16,24,9.7,89.4,.13,0,0,9,9,2.2,2.1,175,15,4.9,-.01,1.08,8
2020,17,1,8.9,91.2,.1,0,0,8.9,9,.8,.7,162,28,3.1,-.02,1.04,7.5
2020,17,2,6.9,93.8,.06,0,0,8.6,9,.3,.2,168,57,1.2,-.02,.94,6
2020,17,3,5.6,96.3,.03,0,0,8.2,9,.4,.4,80,16,2,-.02,.87,5
2020,17,4,4.7,97,.03,0,0,7.8,9.1,1.3,1.2,76,9,2,-.02,.83,4.2
2020,17,5,3.9,97.1,.02,0,0,7.5,9.1,1.4,1.4,72,15,2.4,-.02,.78,3.4
2020,17,6,3.4,97.2,.02,0,0,7.1,9.1,.6,.5,76,18,1.8,-.02,.76,3
2020,17,7,2.9,97.3,.02,0,0,6.8,9.1,.5,.5,88,18,2.4,-.02,.73,2.5
2020,17,8,3.5,97.6,.02,.18,0,6.5,9.1,1.1,1.1,94,11,2.7,0,.77,3.2
2020,17,9,6.7,93.6,.06,.79,0,6.4,9.1,1.1,1,160,21,3,.07,.92,5.8
2020,17,10,9.5,83.1,.2,1.32,0,6.8,9,.5,.3,160,41,2.8,.17,.98,6.7
2020,17,11,11.1,75.4,.33,1.81,0,7.7,9,.4,.2,175,58,2.9,.27,.99,6.9
2020,17,12,12.6,63.1,.54,2.14,0,8.9,9,1.5,1.2,215,35,3.8,.36,.92,5.7
2020,17,13,13.8,52.5,.75,2.26,0,10,8.9,3.1,2.9,240,17,5.5,.43,.82,4.2
2020,17,14,15,39.3,1.03,2.15,0,10.9,8.9,3.9,3.7,245,16,6.3,.44,.67,1.3
2020,17,15,15.6,36.9,1.11,1.81,0,11.7,8.9,2.8,2.4,272,30,5.8,.36,.65,.9
2020,17,16,15.7,32.8,1.2,1.27,0,12.1,8.9,4.3,4.2,297,13,6.9,.29,.59,-.6
2020,17,17,14.7,37.9,1.04,.65,0,12,8.9,4.6,4.5,306,11,7,.15,.63,.5
2020,17,18,12.1,49.5,.72,.11,0,11.5,9,2.2,2.1,308,14,4.8,.05,.69,1.7
2020,17,19,9.4,63.5,.44,0,0,10.9,9,2.5,2.3,314,23,4.6,.01,.74,2.7
2020,17,20,7.8,71.3,.3,0,0,10.2,9.1,1.4,1,9,46,2.9,0,.75,2.9
2020,17,21,6.3,75.6,.24,0,0,9.6,9.2,.9,.5,77,50,2,-.01,.72,2.3
2020,17,22,4.7,81.6,.16,0,0,9.1,9.3,1.1,.4,54,66,2.5,-.01,.7,1.8
2020,17,23,4.6,80.5,.17,0,0,8.5,9.3,1,.4,91,61,2.2,-.01,.68,1.5
2020,17,24,3.5,82.6,.14,0,0,8.1,9.4,.7,.6,122,37,2.2,-.02,.65,.8
2020,18,1,1.5,90.5,.06,0,0,7.6,9.4,.7,.6,63,19,1.9,-.02,.62,.1
2020,18,2,.8,92.4,.05,0,0,7.2,9.4,1.4,1.3,76,16,2.4,-.02,.6,-.3
2020,18,3,.3,93.4,.04,0,0,6.8,9.4,1.2,1.2,68,9,1.8,-.02,.58,-.6
2020,18,4,-.4,93.8,.04,0,0,6.5,9.4,1,1,77,19,1.6,-.02,.56,-1.3
2020,18,5,-.7,94.7,.03,0,0,6.2,9.4,.8,.8,88,22,1.7,-.02,.55,-1.4
2020,18,6,-.9,94.8,.03,0,0,5.8,9.4,1.1,1,133,15,2.4,-.02,.54,-1.6
2020,18,7,-1.3,93.2,.04,0,0,5.5,9.3,1,.9,100,20,2.2,-.02,.52,-2.2
2020,18,8,-.7,93.6,.04,.18,0,5.3,9.3,.6,.2,190,62,1.4,0,.55,-1.6
2020,18,9,2.5,87.7,.09,.76,0,5.1,9.2,.7,.6,81,29,1.6,.06,.64,.7
2020,18,10,6,78.4,.2,1.32,0,5.4,9.2,.8,.7,295,30,2.4,.16,.73,2.5
2020,18,11,8.4,65.9,.38,1.83,0,6.2,9.1,1.2,1,299,27,2.3,.27,.73,2.4
2020,18,12,11.1,59,.54,2.16,0,7.5,9.1,1.5,1.3,247,26,2.9,.36,.78,3.4
2020,18,13,13.5,48.6,.8,2.27,0,8.9,9,1.5,1.2,213,39,3,.41,.75,2.8
2020,18,14,15.2,39.2,1.05,2.16,0,10.2,9,1.3,.9,299,44,2.9,.4,.68,1.4
2020,18,15,16.5,34.2,1.24,1.83,0,11.3,8.9,1,.6,264,53,2.4,.34,.64,.6
2020,18,16,17.4,31.6,1.36,1.3,0,12,8.9,1.2,1,287,36,3.4,.23,.63,.3
2020,18,17,16.5,37.9,1.17,.66,0,12.1,8.9,1.5,1.4,273,25,4.2,.1,.71,2.1
2020,18,18,13.4,54.5,.72,.11,0,11.7,8.9,1.4,1.1,194,37,2.3,.04,.82,4.1
2020,18,19,9.9,61.3,.47,0,0,11,9,1.3,1.1,181,33,2.2,0,.75,2.8
2020,18,20,7.1,72.9,.27,0,0,10.3,9.1,1.3,1,106,41,2.4,-.01,.74,2.6
2020,18,21,5.3,78.2,.2,0,0,9.7,9.1,1.6,1.6,172,13,2.5,-.01,.7,1.8
2020,18,22,4,82.3,.14,0,0,9.1,9.2,.9,.7,108,44,2,-.02,.67,1.3
2020,18,23,3.5,84.7,.12,0,0,8.6,9.3,1.7,1.7,101,10,2.6,-.01,.66,1.1
2020,18,24,3.3,84.3,.12,0,0,8.1,9.3,2,2,96,7,3.1,-.01,.65,.9
2020,19,1,1.9,87.1,.09,0,0,7.7,9.4,.9,.7,108,44,2.2,-.02,.61,0
2020,19,2,1.4,90.1,.07,0,0,7.3,9.4,1.5,1.4,88,9,2.1,-.02,.61,-.1
2020,19,3,1.6,84.9,.1,0,0,7,9.4,1.5,1.5,93,9,2.2,-.02,.58,-.6
2020,19,4,.8,87.2,.08,0,0,6.6,9.4,.8,.8,100,16,1.7,-.02,.56,-1.1
2020,19,5,-.3,89.7,.06,0,0,6.3,9.4,1.1,.8,137,44,1.8,-.02,.54,-1.8
2020,19,6,.1,87.9,.07,0,0,6,9.4,1.4,1.3,108,21,2.2,-.02,.54,-1.7
2020,19,7,.1,89.9,.06,0,0,5.7,9.3,1.2,.8,135,43,2.5,-.02,.55,-1.4
2020,19,8,.5,86.6,.09,.15,0,5.4,9.3,1.3,1.2,60,20,2.6,0,.55,-1.5
2020,19,9,4.7,78.7,.18,.68,0,5.3,9.3,1.7,1.6,127,25,3,.06,.67,1.3
2020,19,10,7.2,70.3,.31,1.32,0,5.7,9.2,2.2,2.1,178,16,3,.18,.71,2.1
2020,19,11,10.1,61.3,.48,1.84,0,6.5,9.2,1.3,1.2,236,28,2.5,.29,.75,2.9
2020,19,12,12.9,45,.82,2.16,0,7.7,9.1,1.7,1.6,286,25,3.7,.38,.67,1.2
2020,19,13,15,36.1,1.09,2.28,0,9.1,9.1,1.5,1.1,276,40,3.3,.43,.62,.1
2020,19,14,16.6,31.6,1.29,2.16,0,10.5,9,1.5,1.2,299,36,4,.42,.6,-.4
2020,19,15,17.9,27.5,1.48,1.83,0,11.6,9,1.1,.9,255,34,3.1,.35,.56,-1.2
2020,19,16,18,28.9,1.46,1.3,0,12.3,9,2.1,1.8,265,31,4,.26,.6,-.4
2020,19,17,17.5,31,1.38,.67,0,12.4,9,2.1,2.1,286,12,3.3,.12,.62,.2
2020,19,18,14.8,43,.97,.11,0,12,9,1.1,.9,288,36,3.3,.04,.72,2.2
2020,19,19,10.8,56.2,.57,0,0,11.3,9.1,1.7,1.7,106,8,2.9,.01,.73,2.4
2020,19,20,8.9,60.5,.45,0,0,10.6,9.1,1.7,1.7,86,11,2.5,.01,.69,1.7
2020,19,21,5.8,71,.27,0,0,10,9.2,1,.7,313,44,3.1,-.01,.65,1
2020,19,22,4.7,75.5,.21,0,0,9.5,9.3,1.3,1.1,90,26,2.2,-.01,.64,.7
2020,19,23,4.3,78.5,.18,0,0,9,9.4,1.7,1.7,93,6,2.3,-.01,.65,.9
2020,19,24,4.2,78.3,.18,0,0,8.5,9.4,1.2,1.1,89,20,2.2,-.01,.65,.8
2020,20,1,3.7,80.9,.15,0,0,8.1,9.5,1.1,1.1,98,19,2.2,-.01,.64,.7
2020,20,2,3.7,81.6,.15,0,0,7.8,9.5,1.3,.9,113,42,2.3,-.01,.65,.9
2020,20,3,4.2,79,.17,0,0,7.6,9.5,1.5,1.4,113,23,2.5,-.01,.65,.9
2020,20,4,4.6,76.6,.2,0,0,7.4,9.5,2,1.9,126,20,2.8,-.01,.65,.9
2020,20,5,2.2,85.8,.1,0,0,7.1,9.5,1,.4,25,61,2.8,-.02,.61,0
2020,20,6,1.9,88.9,.08,0,0,6.9,9.5,1.1,1,93,24,2.2,-.02,.62,.2
2020,20,7,2,88.1,.08,0,0,6.6,9.5,1.1,1.1,93,13,1.9,-.02,.62,.2
2020,20,8,1.3,89.3,.07,.12,0,6.4,9.5,.8,.2,257,69,1.7,0,.6,-.2
2020,20,9,3.9,84.5,.13,.38,0,6.4,9.4,1,.9,105,20,2.2,.01,.68,1.6
2020,20,10,8.1,67.8,.35,1.15,0,6.7,9.4,.7,.4,257,53,2.2,.14,.73,2.4
2020,20,11,10.4,60.1,.51,1.66,0,7.5,9.4,1.8,1.6,266,26,3,.26,.76,3
2020,20,12,13,49.3,.76,1.72,0,8.5,9.3,1.6,1.4,329,26,3.1,.29,.74,2.7
2020,20,13,15.7,41.3,1.05,2.22,0,9.7,9.3,1.7,1.2,258,41,3.7,.42,.74,2.6
2020,20,14,17,39,1.18,2.28,0,11.1,9.2,2.7,2.2,249,36,5.2,.47,.75,2.9
2020,20,15,17.3,36.5,1.25,1.77,0,12.1,9.2,2.8,2.5,328,29,5.4,.37,.72,2.3
2020,20,16,17.1,37.7,1.21,.75,0,12.6,9.2,1.7,1.6,323,20,3,.12,.73,2.5
2020,20,17,16.4,40,1.12,.29,0,12.6,9.2,.9,.6,324,51,2.3,.04,.74,2.7
2020,20,18,14,53.7,.75,.04,0,12.3,9.3,1.2,1.1,234,23,2.4,.02,.86,4.7
2020,20,19,12,62.8,.52,0,0,11.8,9.3,1.1,.9,147,29,1.5,0,.88,5.2
2020,20,20,10.4,70.4,.37,0,0,11.4,9.4,1.5,1.4,209,28,3.2,0,.88,5.2
2020,20,21,9.1,72.7,.31,0,0,11.1,9.5,1.2,.9,171,40,2.2,-.01,.84,4.4
2020,20,22,9.2,72.1,.32,0,0,10.7,9.6,1.4,1.4,105,11,2.2,0,.84,4.4
2020,20,23,8.9,74.1,.3,0,0,10.5,9.6,.9,.6,116,49,1.9,-.01,.85,4.6
2020,20,24,8.4,73.4,.29,0,0,10.2,9.7,1.6,1.6,138,18,2.6,0,.81,3.9
2020,21,1,7.6,76.9,.24,0,0,10,9.8,.9,.4,183,61,2.4,-.01,.8,3.8
2020,21,2,7.5,79.7,.21,0,0,9.8,9.8,1.3,1.3,70,14,2.5,-.01,.83,4.3
2020,21,3,7.5,81.9,.19,0,0,9.6,9.9,.7,.6,144,32,1.4,-.01,.85,4.6
2020,21,4,7.6,81.4,.19,0,0,9.5,9.9,.9,.8,136,31,2.1,-.01,.85,4.6
2020,21,5,7.3,79.1,.21,0,0,9.3,9.9,1.8,1.8,150,13,3.1,-.01,.81,3.9
2020,21,6,7.2,77.3,.23,0,0,9.2,9.9,1.5,1.4,142,26,3,-.01,.79,3.5
2020,21,7,7.1,80.9,.19,0,0,9.1,9.9,1.4,1,196,46,3,-.01,.81,4
2020,21,8,6.5,87.6,.12,.01,0,9,9.9,2.3,2.2,348,19,3.3,-.01,.85,4.6
2020,21,9,6.8,87.9,.12,.05,1.52,8.9,9.9,3.5,3.3,336,19,6.7,0,.87,4.9
2020,21,10,6.1,93.8,.06,.11,2.29,8.7,9.9,1.8,1.7,311,14,3.3,0,.88,5.1
2020,21,11,6.3,95.3,.05,.2,1.02,8.6,9.9,.5,.2,77,67,2.4,.01,.91,5.6
2020,21,12,7.3,93.7,.06,.56,0,8.7,9.9,2.6,2,119,38,6.6,.03,.95,6.3
2020,21,13,8.2,88.2,.13,.67,0,9.1,9.9,2.5,2.4,149,17,3.7,.06,.96,6.4
2020,21,14,8.5,85.4,.16,.59,0,9.5,9.9,1.7,1.6,149,19,3.3,.04,.95,6.2
2020,21,15,8.7,85.4,.17,.5,0,9.8,9.9,1.6,1.5,139,16,3.9,.03,.96,6.4
2020,21,16,9.3,84.9,.18,.35,0,9.9,9.9,2.1,1.8,164,29,3.6,.01,.99,6.9
2020,21,17,9.5,85.8,.17,.22,0,9.9,9.9,1.6,1.6,171,12,3.4,-.02,1.02,7.3
2020,21,18,9.4,86.6,.16,.05,0,9.9,9.9,.5,.4,170,14,2.5,-.01,1.02,7.3
2020,21,19,8.9,90.2,.11,0,0,9.7,9.9,.2,.2,115,18,1.1,-.02,1.03,7.4
2020,21,20,8.5,91.7,.09,0,0,9.6,9.9,.3,.3,146,13,2.5,-.02,1.02,7.3
2020,21,21,8.5,92.8,.08,0,0,9.5,9.9,.4,.4,183,16,2.3,-.02,1.03,7.4
2020,21,22,8.2,95.6,.05,0,.25,9.4,9.9,.5,.4,200,13,2.4,-.02,1.04,7.5
2020,21,23,8,96.9,.03,0,.51,9.3,9.9,.3,.3,222,19,2.5,-.02,1.04,7.5
2020,21,24,7.9,97.5,.03,0,0,9.2,9.9,.2,.2,170,22,.2,-.02,1.04,7.5
2020,22,1,8,97.9,.02,0,0,9.2,9.9,.2,.2,208,20,.2,-.02,1.05,7.6
2020,22,2,8,97.7,.03,0,0,9.1,9.9,1.6,1.6,292,14,4.6,-.02,1.05,7.7
2020,22,3,8,95.8,.05,0,0,9.1,9.9,.5,.4,270,47,4,-.02,1.02,7.3
2020,22,4,7.9,94.2,.06,0,0,9,9.9,2.3,2.3,282,11,6.2,-.02,1,7
2020,22,5,7.8,93,.07,0,0,8.9,9.9,3.2,3.1,284,10,5.1,-.02,.98,6.7
2020,22,6,7.4,94.2,.06,0,0,8.8,9.9,.5,.5,286,12,3.8,-.02,.97,6.5
2020,22,7,6.1,95.4,.04,0,0,8.6,9.9,.2,.2,266,27,.2,-.02,.9,5.4
2020,22,8,6.4,97.1,.03,.04,0,8.4,9.9,.2,.2,322,11,.2,-.02,.93,5.9
2020,22,9,7.2,95,.05,.34,0,8.4,9.9,.2,.2,342,14,.2,-.01,.96,6.4
2020,22,10,8,90.1,.11,.7,0,8.7,9.9,.2,.2,351,19,.2,.06,.96,6.4
2020,22,11,9.4,81.1,.22,1.34,0,9.1,9.9,.4,.2,305,48,4.4,.18,.95,6.3
2020,22,12,10.5,69.7,.39,1.7,0,9.7,9.9,3.1,3,289,16,6.5,.27,.88,5.2
2020,22,13,11.3,63.7,.49,1.92,0,10.4,9.9,4,3.9,294,14,7.2,.33,.85,4.6
2020,22,14,11.8,63.4,.51,2.01,0,11.1,9.8,4.9,4.7,288,15,7.8,.37,.88,5.1
2020,22,15,11.7,63,.51,1.51,0,11.6,9.8,5.5,5.4,274,13,8.7,.28,.87,4.9
2020,22,16,11.8,61.6,.53,1.29,0,11.9,9.9,5.2,5,276,14,7.1,.24,.85,4.7
2020,22,17,11.2,62.8,.49,.72,0,11.8,9.9,5.2,5.1,277,11,7.5,.12,.83,4.4
2020,22,18,9.6,69.4,.37,.14,0,11.4,9.9,3,2.9,279,9,5.9,.03,.83,4.2
2020,22,19,7.3,81.3,.19,0,0,10.8,9.9,1.3,1.3,272,12,2.4,-.01,.83,4.3
2020,22,20,5.8,87.5,.12,0,0,10.2,10,.8,.5,23,48,2.2,-.02,.81,3.9
2020,22,21,5.2,88.8,.1,0,0,9.6,10,1.4,1.3,340,29,2.7,-.02,.79,3.5
2020,22,22,4.4,91.3,.07,0,0,9.2,10.1,1.4,1.3,80,18,3.1,-.02,.76,3.1
2020,22,23,3.8,92.8,.06,0,0,8.7,10.1,1.1,1,79,28,2,-.02,.74,2.7
2020,22,24,2.7,94,.04,0,0,8.3,10.1,.9,.7,92,33,3.1,-.02,.7,1.8
2020,23,1,2.6,94.1,.04,0,0,7.9,10.1,1.1,.5,6,60,2.6,-.02,.69,1.7
2020,23,2,1.9,94.7,.04,0,0,7.6,10.1,.8,.3,43,64,1.5,-.02,.66,1.1
2020,23,3,1,95.7,.03,0,0,7.2,10.1,.8,.5,88,47,1.6,-.02,.63,.4
2020,23,4,.4,96.4,.02,0,0,6.9,10.1,.8,.7,92,22,1.4,-.02,.61,-.1
2020,23,5,-.1,96.7,.02,0,0,6.6,10.1,.8,.7,97,28,1.7,-.02,.59,-.5
2020,23,6,-.4,96.8,.02,0,0,6.3,10.1,.4,.3,82,35,1.5,-.02,.57,-.8
2020,23,7,0,97.4,.02,0,0,6.1,10,.8,.7,133,28,2.1,-.02,.6,-.3
2020,23,8,-.3,97.7,.01,.05,0,6,10,1.1,1,171,24,2.2,-.02,.58,-.6
2020,23,9,.8,98.3,.01,.36,.25,6,9.9,.9,.8,73,24,2.2,0,.64,.6
2020,23,10,3.5,99.1,.01,1.12,0,6.4,9.9,.9,.7,144,39,1.9,.11,.78,3.4
2020,23,11,5.4,99.2,.01,1.72,0,7.2,9.8,1.6,1.4,256,24,2.8,.22,.89,5.3
2020,23,12,8.3,85.9,.16,2.19,0,8.2,9.7,1.6,1.5,308,25,3.1,.32,.93,6
2020,23,13,12,60.5,.56,2.32,0,9.5,9.7,1.2,.8,322,42,2.7,.39,.84,4.5
2020,23,14,14.9,40.2,1.01,2.21,0,10.8,9.6,1,.6,313,53,2.3,.4,.68,1.5
2020,23,15,15.6,37.6,1.11,1.87,0,11.9,9.6,1.2,.8,322,45,2.9,.34,.67,1.2
2020,23,16,16.2,35.2,1.19,1.35,0,12.6,9.6,1.4,1.1,336,42,3.4,.24,.65,.8
2020,23,17,16.3,31.6,1.26,.71,0,12.7,9.6,1,.9,318,24,2.4,.1,.58,-.6
2020,23,18,13.4,47.7,.81,.14,0,12.2,9.6,1.5,1.4,307,13,2,.05,.73,2.4
2020,23,19,10.2,59,.51,0,0,11.5,9.6,1.2,1,353,38,2.2,.01,.73,2.5
2020,23,20,7.3,75.1,.25,0,0,10.8,9.7,1.6,1.6,90,7,2.2,-.01,.77,3.1
2020,23,21,5.4,82.4,.16,0,0,10.2,9.8,1.1,.6,98,57,2.5,-.01,.74,2.6
2020,23,22,3.7,89.3,.09,0,0,9.6,9.8,.5,.5,148,24,1.2,-.02,.71,2.1
2020,23,23,2.8,91.5,.06,0,0,9.1,9.9,.8,.6,58,44,1.5,-.02,.69,1.6
2020,23,24,2.7,91.2,.06,0,0,8.6,9.9,.3,.3,42,17,1.2,-.02,.68,1.4
2020,24,1,2.4,91.1,.06,0,0,8.1,10,.7,.7,91,7,1.6,-.02,.66,1.1
2020,24,2,1.9,91.8,.06,0,0,7.7,10,1,1,76,13,1.7,-.02,.64,.7
2020,24,3,1,92.4,.05,0,0,7.4,10,1,.8,124,37,1.9,-.02,.61,0
2020,24,4,.8,92.3,.05,0,0,7.1,10,.5,.4,115,32,1.5,-.02,.6,-.3
2020,24,5,.2,93.7,.04,0,0,6.7,10,.9,.8,73,27,1.6,-.02,.58,-.7
2020,24,6,.3,94,.04,0,0,6.4,10,.9,.9,131,13,1.4,-.02,.59,-.5
2020,24,7,-.1,94.1,.04,0,0,6.2,10,1,1,103,14,1.5,-.02,.57,-.9
2020,24,8,.8,92.3,.05,.2,0,5.9,9.9,1.2,1.2,130,12,2.4,.01,.6,-.3
2020,24,9,3.1,86.8,.1,.8,0,5.8,9.9,1,.9,186,18,2.1,.07,.66,1.1
2020,24,10,7.3,74,.27,1.36,0,6.2,9.8,.7,.2,310,65,2.2,.17,.75,2.9
2020,24,11,9.5,65.4,.41,1.88,0,7.1,9.8,1.5,1.4,309,24,3.3,.29,.77,3.3
2020,24,12,12.2,53.1,.67,2.24,0,8.3,9.7,1.6,1.5,329,22,2.9,.39,.75,2.9
2020,24,13,14.9,42,.99,2.28,0,9.7,9.6,1,.6,292,51,2.9,.41,.71,2.1
2020,24,14,16.7,36.2,1.22,2.24,0,11.2,9.6,1.6,1.3,181,35,4.2,.44,.69,1.7
2020,24,15,17.4,36.4,1.26,1.69,0,12.2,9.6,.9,.4,274,56,2.2,.31,.72,2.3
2020,24,16,18.1,32.1,1.41,1.22,0,12.9,9.5,1,.8,280,39,3,.22,.67,1.2
2020,24,17,17.8,31.5,1.39,.59,0,13,9.6,.4,.4,281,25,1.5,.07,.64,.7
2020,24,18,14.7,48.6,.87,.08,0,12.6,9.6,1.1,1,346,25,1.7,.03,.81,3.9
2020,24,19,11.4,61.7,.52,0,0,11.9,9.6,1.4,1.3,48,9,1.7,.01,.83,4.3
2020,24,20,9.4,69.4,.36,0,0,11.3,9.7,1.5,1.5,77,10,1.9,0,.82,4.1
2020,24,21,6,83.2,.16,0,0,10.7,9.8,1.4,1.2,170,30,4,-.01,.77,3.3
2020,24,22,5.2,86.6,.12,0,0,10.1,9.9,1.2,.9,117,37,3,-.02,.77,3.2
2020,24,23,5.1,85.3,.13,0,0,9.7,9.9,.9,.3,250,66,2.8,-.02,.75,2.9
2020,24,24,5,85.8,.12,0,0,9.4,10,1.6,1.5,84,27,2.8,-.02,.75,2.8
2020,25,1,4.8,85.3,.13,0,0,9,10.1,1.6,1.2,137,40,3.3,-.01,.73,2.5
2020,25,2,4.1,87.9,.1,0,0,8.6,10.1,1.4,1.3,113,18,2.3,-.02,.72,2.2
2020,25,3,3.5,87.7,.1,0,0,8.3,10.1,1.5,1.4,120,21,2.4,-.02,.69,1.6
2020,25,4,4.1,83,.14,0,0,7.9,10.1,2,2,105,10,3.1,-.01,.68,1.4
2020,25,5,5.1,77.2,.2,0,0,7.7,10.1,2.8,2.7,93,10,3.9,0,.68,1.4
2020,25,6,4.6,79.9,.17,0,0,7.4,10.1,1.9,1.6,79,35,3.3,-.01,.68,1.4
2020,25,7,.9,91,.06,0,0,7.1,10.1,1.6,1.4,360,26,2.8,-.02,.59,-.4
2020,25,8,1.5,93.2,.05,.17,0,6.8,10.1,.9,.7,20,38,2,0,.64,.6
2020,25,9,5.2,82.2,.16,.73,0,6.7,10,.7,.6,26,28,1.9,.06,.73,2.4
2020,25,10,9.6,65.6,.42,1.36,0,7.1,10,.3,.2,51,47,1,.18,.78,3.5
2020,25,11,12.6,56.8,.63,1.88,0,8,10,.6,.4,270,47,1.5,.3,.83,4.2
2020,25,12,15.2,46.2,.93,2.21,0,9.3,9.9,.8,.6,198,42,2.6,.4,.8,3.7
2020,25,13,16.5,43.4,1.06,2.33,0,10.8,9.9,1.2,.7,287,51,3.3,.44,.81,4
2020,25,14,17.1,41.5,1.14,2.23,0,12.1,9.8,2.4,2,267,32,5.3,.45,.81,4
2020,25,15,17.8,38.4,1.25,1.9,0,13.1,9.8,2.4,2.2,274,24,5,.39,.78,3.4
2020,25,16,18.3,33,1.41,1.42,0,13.7,9.8,2.6,2.3,290,23,4.6,.3,.69,1.7
2020,25,17,17.6,31.1,1.39,.65,0,13.8,9.8,3,2.8,276,19,5.9,.14,.63,.4
2020,25,18,14.6,45.2,.92,.08,0,13.4,9.9,1.8,1.8,290,8,3,.05,.74,2.7
2020,25,19,11.5,57.8,.57,0,0,12.7,9.9,1.4,1.2,11,31,2.2,.01,.78,3.4
2020,25,20,10.5,54,.58,0,0,12,10,.9,.7,5,34,1.9,.01,.68,1.6
2020,25,21,8.8,60.2,.45,0,0,11.3,10.1,1,.9,353,20,1.9,0,.68,1.5
2020,25,22,7.3,66.6,.35,0,0,10.7,10.2,1,.6,170,47,2.3,0,.68,1.5
2020,25,23,6.1,74.1,.25,0,0,10.2,10.3,1,.8,102,35,2.4,-.01,.69,1.8
2020,25,24,5,80.6,.17,0,0,9.7,10.3,1.4,1.4,96,10,2,-.01,.7,1.9
2020,26,1,4.5,81.9,.15,0,0,9.3,10.4,1.5,1.5,72,10,2.4,-.01,.69,1.7
2020,26,2,4.4,83.3,.14,0,0,8.9,10.4,1.6,1.5,71,10,2.3,-.01,.7,1.8
2020,26,3,3.6,86.9,.1,0,0,8.6,10.4,1.4,1.3,80,11,1.9,-.02,.69,1.6
2020,26,4,3.2,88.9,.09,0,0,8.2,10.4,1.3,1.2,70,18,1.8,-.02,.68,1.5
2020,26,5,2.1,90.7,.07,0,0,7.9,10.4,.8,.5,16,53,1.5,-.02,.65,.8
2020,26,6,1.5,92.5,.05,0,0,7.6,10.4,.7,.6,162,22,1.3,-.02,.63,.4
2020,26,7,.8,93.5,.04,0,0,7.3,10.4,.8,.8,66,19,1.5,-.02,.61,-.1
2020,26,8,1.6,93.6,.05,.18,0,7,10.4,.7,.6,126,22,1.4,0,.64,.7
2020,26,9,5.7,83.7,.15,.77,0,7,10.3,.4,.2,285,51,1.2,.06,.77,3.2
2020,26,10,8.4,75.5,.28,1.32,0,7.3,10.3,.8,.7,244,33,1.9,.17,.83,4.3
2020,26,11,12.3,63.6,.52,1.87,0,8.2,10.2,1.2,1.1,217,25,2.8,.31,.91,5.5
2020,26,12,15.3,51,.85,2.22,0,9.5,10.2,1.2,.8,237,45,3,.4,.88,5.2
2020,26,13,16.5,47.1,.99,2.33,0,11,10.1,1.8,1.5,224,33,4.2,.45,.88,5.2
2020,26,14,17.2,44.1,1.1,2.21,0,12.3,10.1,2.5,2.2,236,29,5,.45,.87,4.9
2020,26,15,18,40.5,1.23,1.9,0,13.3,10.1,1.6,1.1,276,43,4.2,.37,.84,4.4
2020,26,16,18.1,35.1,1.35,1.3,0,13.9,10.1,3.4,3.1,267,23,6.4,.28,.73,2.4
2020,26,17,17.8,32.2,1.38,.74,0,14,10.1,3.7,3.6,278,15,5.6,.17,.66,1
2020,26,18,15,46.5,.93,.15,0,13.5,10.1,2.6,2.5,307,14,5,.07,.79,3.5
2020,26,19,11.9,53.2,.65,0,0,12.9,10.2,1.2,1.2,346,16,1.9,.01,.74,2.6
2020,26,20,10.1,57.8,.52,0,0,12.1,10.3,.5,.3,9,43,.9,0,.71,2.2
2020,26,21,8.8,63.9,.41,0,0,11.5,10.4,.7,.3,321,60,2.2,0,.72,2.3
2020,26,22,6.7,75.2,.24,0,0,10.9,10.4,1.3,1.2,99,22,2.4,-.01,.74,2.6
2020,26,23,6.3,76.2,.23,0,0,10.4,10.5,1.8,1.8,72,8,2.8,-.01,.73,2.5
2020,26,24,5.7,78,.2,0,0,10,10.6,1.5,1.2,93,33,2.4,-.01,.71,2.1
2020,27,1,5.1,81.4,.16,0,0,9.6,10.6,1.1,1,107,22,2.2,-.01,.71,2.1
2020,27,2,5,84.2,.14,0,0,9.2,10.6,1.2,1.2,62,12,1.6,-.02,.73,2.5
2020,27,3,5.7,82.2,.16,0,0,9,10.7,1,.8,61,35,1.5,-.01,.75,2.9
2020,27,4,4.6,87.2,.11,0,0,8.8,10.7,1.2,.8,118,47,2.7,-.02,.74,2.6
2020,27,5,5.3,85.5,.13,0,0,8.6,10.7,.8,.7,94,22,2.1,-.02,.76,3
2020,27,6,5.7,87,.12,0,0,8.4,10.7,1.1,1,78,22,2,-.02,.79,3.7
2020,27,7,5.7,87.7,.11,0,0,8.4,10.6,.8,.8,152,21,1.9,-.02,.81,3.8
2020,27,8,5.6,89,.1,.06,0,8.3,10.6,1.2,.8,101,45,2.4,-.01,.81,3.9
2020,27,9,6.2,89.4,.1,.33,0,8.3,10.6,1.2,.7,29,49,3,0,.85,4.5
2020,27,10,8.9,76,.27,.64,0,8.6,10.6,1.4,1.3,163,26,2.8,.06,.87,4.9
2020,27,11,11.6,60.9,.54,1.87,0,9.1,10.5,2.4,2.1,278,30,6.2,.31,.83,4.3
2020,27,12,13.6,48.8,.8,2.16,0,10,10.5,5.5,5.3,281,15,8.4,.45,.76,3
2020,27,13,14.3,41.9,.95,2.27,0,11,10.4,6.7,6.6,286,13,11,.51,.68,1.5
2020,27,14,14.6,39.3,1.01,2,0,11.9,10.4,7.1,6.9,290,13,10.2,.47,.65,.9
2020,27,15,15.2,37.7,1.08,1.95,0,12.5,10.4,7.7,7.6,281,11,11.6,.48,.65,.9
2020,27,16,14.9,33.2,1.13,1.42,0,12.9,10.4,8,7.9,293,12,11.9,.39,.56,-1.1
2020,27,17,14,27.7,1.15,.77,0,12.8,10.4,7.7,7.5,299,11,10.9,.26,.44,-4.4
2020,27,18,11.8,32.2,.94,.17,0,12.4,10.4,5.4,5.3,294,10,9.4,.12,.44,-4.4
2020,27,19,8.4,47.1,.59,0,0,11.7,10.5,2.2,2,253,21,4,.02,.52,-2.2
2020,27,20,6.9,56.9,.43,0,0,11.1,10.5,2,1.9,288,18,2.8,.01,.56,-1.1
2020,27,21,5.8,62.3,.35,0,0,10.4,10.6,1.4,1.2,309,23,2.5,0,.57,-.9
2020,27,22,4.4,70.5,.25,0,0,9.9,10.6,1.1,.6,323,56,2.4,-.01,.59,-.5
2020,27,23,3.9,72.8,.22,0,0,9.4,10.7,1.1,.8,126,42,1.9,-.01,.59,-.5
2020,27,24,2.3,80.1,.14,0,0,8.9,10.7,1.3,1.2,91,21,2.1,-.01,.57,-.8
2020,28,1,1.7,82.1,.12,0,0,8.5,10.7,1.2,1.1,89,19,1.9,-.01,.57,-1
2020,28,2,1.6,81.9,.12,0,0,8.1,10.7,1.2,1.1,81,19,2.2,-.01,.56,-1.1
2020,28,3,2,80.8,.14,0,0,7.7,10.7,1.7,1.7,68,7,2.5,-.01,.57,-1
2020,28,4,2,78,.16,0,0,7.3,10.7,1.2,1.2,66,10,2.3,-.01,.55,-1.4
2020,28,5,2.2,73.5,.19,0,0,7,10.7,1.7,1.6,46,19,2.5,-.01,.52,-2.1
2020,28,6,.8,76.9,.15,0,0,6.7,10.6,1.2,.9,117,38,2.2,-.01,.5,-2.9
2020,28,7,-.6,80,.12,0,0,6.4,10.6,1.4,1.2,103,34,2.3,-.01,.47,-3.6
2020,28,8,.4,76.2,.15,.17,0,6.1,10.5,1.8,1.8,78,10,2.7,.01,.48,-3.4
2020,28,9,6.4,52.4,.47,.77,0,6,10.5,1.1,.7,33,49,2.2,.08,.5,-2.9
2020,28,10,7.8,53.6,.5,1.42,0,6.3,10.4,1,.9,290,25,2.8,.2,.56,-1.2
2020,28,11,9.9,38.4,.75,1.96,0,7.2,10.4,1.5,1.3,233,30,3.7,.32,.47,-3.6
2020,28,12,12,30.7,.97,2.31,0,8.4,10.3,1.4,.9,164,46,3.4,.41,.43,-4.7
2020,28,13,12.9,28.5,1.07,2.43,0,9.9,10.2,1.4,.3,209,73,3.3,.44,.42,-4.9
2020,28,14,13.9,25.8,1.18,2.32,0,11.3,10.1,1.7,1,281,51,3.3,.44,.41,-5.4
2020,28,15,14.8,23.6,1.28,1.99,0,12.4,10.1,1.4,1.1,244,41,4.2,.37,.4,-5.8
2020,28,16,15.6,18.7,1.44,1.46,0,13,10.1,.8,.2,357,67,2.3,.26,.33,-8.1
2020,28,17,16.2,17.8,1.51,.79,0,13.2,10.1,.5,.3,345,57,2,.11,.33,-8.3
2020,28,18,14.6,22.9,1.29,.18,0,12.6,10.1,.4,.3,25,34,1.5,.06,.38,-6.5
2020,28,19,9.9,38.4,.76,0,0,11.8,10.1,.5,.2,349,63,1.9,.01,.46,-3.8
2020,28,20,5.4,60.2,.36,0,0,11,10.2,1.2,1.2,86,15,2,0,.54,-1.7
2020,28,21,3.7,65.7,.27,0,0,10.2,10.3,1.4,1.3,91,12,2.5,0,.52,-2.1
2020,28,22,2.1,72.9,.2,0,0,9.6,10.3,.9,.6,93,41,1.6,-.01,.52,-2.3
2020,28,23,.6,81.4,.12,0,0,9,10.4,1.2,1.1,126,15,2.1,-.01,.52,-2.2
2020,28,24,.4,80.3,.12,0,0,8.5,10.4,1.4,1.3,137,17,2.1,-.01,.51,-2.6
2020,29,1,.8,75.6,.16,0,0,8,10.5,1.9,1.8,94,16,3.1,-.01,.49,-3
2020,29,2,.3,74.6,.16,0,0,7.6,10.5,1.5,1.3,130,31,2.5,-.01,.47,-3.7
2020,29,3,-1,80.3,.12,0,0,7.2,10.5,1.8,1,357,55,4,-.01,.46,-4
2020,29,4,-1.6,85.8,.08,0,0,6.8,10.4,2.1,1.8,5,27,3.5,-.01,.47,-3.7
2020,29,5,.2,75.5,.16,0,0,6.4,10.4,2,1.2,82,52,6.1,-.01,.47,-3.6
2020,29,6,-3.3,87.9,.06,0,0,6.1,10.4,1.4,.5,350,65,3.6,-.02,.42,-5
2020,29,7,-2.8,89.9,.05,0,0,5.8,10.4,1.1,1.1,67,18,1.8,-.02,.45,-4.2
2020,29,8,-1.6,83.5,.09,.14,0,5.5,10.3,.8,.5,64,49,1.5,0,.45,-4
2020,29,9,2.4,68.9,.24,.76,0,5.4,10.2,.8,.7,119,30,2.2,.06,.49,-2.9
2020,29,10,5.4,59.6,.36,1.42,0,5.7,10.2,1,.9,270,18,2.2,.18,.53,-1.9
2020,29,11,7.7,51,.52,1.41,0,6.6,10.1,.8,.7,296,29,2.3,.19,.54,-1.8
2020,29,12,8.9,47.8,.59,1.7,0,7.5,10,2.5,2.4,317,14,4.1,.27,.54,-1.6
2020,29,13,11.4,35.1,.88,2.17,0,8.6,10,1.4,1.2,286,34,3.2,.37,.47,-3.5
2020,29,14,13.7,28.8,1.12,2.3,0,10,9.9,1.5,1.2,307,36,4.6,.43,.45,-4.2
2020,29,15,13.6,27.2,1.13,1.26,0,10.9,9.8,2.6,2.4,313,22,4.2,.24,.42,-4.9
2020,29,16,14.3,25.8,1.21,1.46,0,11.4,9.8,2.6,2.4,301,25,5.2,.29,.42,-5
2020,29,17,13.4,26.7,1.13,.6,0,11.6,9.8,3.2,3,303,20,5.6,.12,.41,-5.3
2020,29,18,12.1,32.1,.96,.21,0,11.3,9.8,3.7,3.7,288,10,6.6,.07,.45,-4.1
2020,29,19,9.6,36.3,.76,0,0,10.8,9.8,3.7,3.5,338,18,5.7,.05,.43,-4.7
2020,29,20,7.2,52.9,.48,0,0,10.3,9.9,3,3,322,9,4.5,.02,.54,-1.8
2020,29,21,6.3,60.7,.38,0,0,9.8,9.9,2.3,2.1,2,27,4,.01,.58,-.7
2020,29,22,4.8,67.8,.28,0,0,9.2,10,1.4,1.3,360,17,3,0,.58,-.7
2020,29,23,2.9,75.3,.19,0,0,8.7,10,1.3,.5,168,62,4.6,-.01,.57,-1
2020,29,24,2.5,75.9,.18,0,0,8.2,10.1,1.5,1.4,160,21,3.3,-.01,.56,-1.3
2020,30,1,.8,82.8,.11,0,0,7.8,10.1,1,.5,5,56,1.9,-.02,.53,-1.8
2020,30,2,0,87,.08,0,0,7.3,10.1,1.5,1.3,97,26,3,-.02,.53,-1.9
2020,30,3,.1,86.8,.08,0,0,7,10.1,1,1,70,20,2,-.02,.53,-1.8
2020,30,4,-.5,88.2,.07,0,0,6.6,10.1,1.4,1.3,32,22,2,-.02,.52,-2.2
2020,30,5,-.7,88.4,.07,0,0,6.3,10.1,.8,.5,79,49,2,-.02,.51,-2.4
2020,30,6,-2,90.8,.05,0,0,6,10.1,1.6,1.5,152,16,2.2,-.02,.48,-3.3
2020,30,7,-2.3,92.1,.04,0,0,5.7,10,1.4,1.3,150,23,2.4,-.02,.48,-3.4
2020,30,8,-1.3,91.8,.05,.19,0,5.4,10,1,.9,72,25,2.2,0,.51,-2.5
2020,30,9,3,78.2,.17,.78,0,5.3,9.9,.5,.4,126,38,1.9,.06,.59,-.5
2020,30,10,5.9,69.3,.29,1.41,0,5.7,9.9,2.1,1.9,188,28,3.8,.19,.64,.7
2020,30,11,9.7,53.3,.56,1.89,0,6.6,9.8,1.8,1.7,263,18,3,.3,.64,.7
2020,30,12,11.5,43.7,.77,2.3,0,8.1,9.7,1.3,1,265,39,3.3,.39,.59,-.4
2020,30,13,12.5,37.7,.9,2.41,0,9.7,9.7,1.6,1.1,279,45,4.6,.43,.55,-1.6
2020,30,14,13.4,34.6,1,2.28,0,11,9.6,2.1,1.8,309,31,5.1,.43,.53,-1.9
2020,30,15,13.5,34.2,1.02,1.5,0,11.9,9.6,2.9,2.7,295,21,5.7,.29,.53,-1.9
2020,30,16,14.1,33.2,1.08,1.55,0,12.2,9.6,3,2.7,320,26,5.5,.31,.53,-1.9
2020,30,17,13.8,34.3,1.03,.75,0,12.3,9.6,3.5,3.2,289,21,6.1,.15,.54,-1.7
2020,30,18,9.7,37.4,.75,0,0,11.9,9.6,2.4,2.4,315,8,4.9,.04,.45,-4.1
2020,30,19,8.9,35.1,.74,0,0,11.2,9.6,1.8,1.7,320,11,3,.03,.4,-5.6
2020,30,20,8.4,38,.69,0,0,10.7,9.7,1.7,1.7,353,12,3.4,.02,.42,-5.1
2020,30,21,7.5,42.6,.6,0,0,10.1,9.8,1.5,1.4,336,23,3.5,.02,.44,-4.4
2020,30,22,6.3,50.2,.48,0,0,9.6,9.8,2.6,2.5,358,11,4.3,.02,.48,-3.2
2020,30,23,4.9,58.3,.36,0,0,9.1,9.9,1.8,.9,354,57,3.7,.01,.5,-2.7
2020,30,24,2,70.9,.2,0,0,8.5,9.9,1,1,115,22,1.8,-.01,.5,-2.7
2020,31,1,1.9,70.5,.21,0,0,8,10,1.1,.8,102,39,2.5,-.01,.49,-2.9
2020,31,2,.3,75.6,.15,0,0,7.5,10,1.3,1.3,76,16,1.8,-.01,.47,-3.5
2020,31,3,-.3,78.9,.13,0,0,7.1,10,1.3,1.3,85,11,2.2,-.01,.47,-3.5
2020,31,4,-.6,79,.12,0,0,6.6,10,1.5,1.4,75,18,2.2,-.01,.46,-3.8
2020,31,5,.1,72.4,.18,0,0,6.2,10,1.3,.6,69,57,3.9,-.01,.44,-4.4
2020,31,6,1.3,63.4,.25,0,0,5.9,10,1.3,.2,222,75,4,0,.43,-4.9
2020,31,7,-1,72.5,.16,0,0,5.5,10,1.4,1.2,164,26,2.5,-.01,.41,-5.3
2020,31,8,-.8,74.3,.15,.19,0,5.2,9.9,1.2,.9,137,40,2.3,.01,.43,-4.8
2020,31,9,3.8,58.3,.34,.81,0,5.2,9.9,.5,.3,85,47,1.7,.07,.46,-3.8
2020,31,10,6.5,48.7,.5,1.47,0,5.8,9.8,1.5,1.4,266,17,3.4,.21,.47,-3.5
2020,31,11,9.2,41.5,.68,2,0,7,9.8,2.1,1.7,295,35,3.9,.33,.48,-3.3
2020,31,12,11,33.4,.88,2.35,0,8.4,9.7,2.7,2.5,309,21,5.2,.43,.44,-4.5
2020,31,13,12.4,26.4,1.06,2.47,0,9.8,9.6,1.9,1.2,335,51,4.9,.46,.38,-6.4
2020,31,14,13.7,24.1,1.19,2.36,0,11.1,9.6,2,1.5,312,42,4.3,.45,.38,-6.4
2020,31,15,14.8,21.1,1.33,2.02,0,12.1,9.5,1.6,1.3,346,36,3.5,.39,.35,-7.3
2020,31,16,15.4,18.6,1.43,1.48,0,12.7,9.5,1.2,.7,330,53,3.7,.27,.33,-8.3
2020,31,17,14.8,15.2,1.43,.79,0,12.7,9.5,3.2,2.9,336,27,5.4,.18,.26,-11.4
2020,31,18,13.1,19.4,1.22,.2,0,12.1,9.5,1.9,1.9,354,15,4,.09,.29,-9.8
2020,31,19,9.5,26.6,.88,0,0,11.3,9.6,1.1,1,48,29,1.6,.03,.31,-8.8
2020,31,20,5.7,43.9,.51,0,0,10.5,9.7,1.4,1.3,102,25,2.5,.01,.4,-5.7
2020,31,21,3.4,54.9,.35,0,0,9.7,9.7,.7,.3,71,62,1.9,0,.43,-4.8
2020,31,22,2.8,55.6,.34,0,0,9.1,9.8,1.6,1.5,107,21,3.1,0,.41,-5.3
2020,31,23,3.3,51.7,.37,0,0,8.5,9.9,1.7,1.6,107,20,3.1,.01,.4,-5.7
2020,31,24,1.8,59.2,.29,0,0,8,9.9,1.5,1,90,47,3.3,0,.41,-5.3
2020,32,1,-.1,69.6,.18,0,0,7.5,9.9,1.1,.2,285,72,2.2,-.01,.42,-5
2020,32,2,-.1,67,.2,0,0,7.1,10,1.4,1,40,39,2.7,-.01,.41,-5.5
2020,32,3,.2,65,.22,0,0,6.7,10,1.6,1.3,65,34,2.6,0,.4,-5.6
2020,32,4,.4,63.2,.23,0,0,6.3,10,1.3,1.2,80,19,2.4,0,.4,-5.7
2020,32,5,-1.5,72.5,.15,0,0,5.9,9.9,1,.3,127,69,5,-.01,.39,-5.9
2020,32,6,-2.3,78.7,.11,0,0,5.6,9.9,.8,.7,101,25,2,-.01,.41,-5.5
2020,32,7,-1.7,75.9,.13,0,0,5.2,9.9,2,1.9,102,13,2.9,-.01,.41,-5.3
2020,32,8,-.4,73.6,.16,.19,0,5,9.8,1.1,1.1,86,22,2.2,.01,.44,-4.5
2020,32,9,5.1,51.3,.43,.82,0,5,9.8,1,.7,3,41,2.1,.09,.45,-4.2
2020,32,10,8,41.9,.63,1.48,0,5.8,9.7,.8,.6,285,40,1.9,.21,.45,-4.1
2020,32,11,11.7,32.1,.94,2.02,0,7.1,9.6,.8,.5,268,48,2.5,.34,.44,-4.5
2020,32,12,13.6,31.8,1.06,2.35,0,8.6,9.6,2.5,2.3,265,22,4.3,.45,.49,-2.9
2020,32,13,15.3,26.9,1.27,2.47,0,10.2,9.5,2,1.5,275,42,4.6,.49,.47,-3.6
2020,32,14,16.5,24,1.42,2.36,0,11.5,9.4,2.2,1.9,294,29,4.4,.48,.45,-4.1
2020,32,15,17.8,19.9,1.63,2.03,0,12.6,9.4,1.3,.8,287,48,3.1,.4,.41,-5.5
2020,32,16,18.2,19.4,1.68,1.49,0,13.2,9.4,1.6,1.4,295,29,3.4,.3,.41,-5.5
2020,32,17,18.1,19.2,1.68,.82,0,13.4,9.4,1.5,1.5,307,19,3.3,.15,.4,-5.7
2020,32,18,16,24.2,1.38,.2,0,12.9,9.4,1.2,.8,298,43,2.4,.04,.44,-4.4
2020,32,19,12.1,29.1,1.01,0,0,12,9.5,1.1,1,108,30,1.9,.03,.41,-5.5
2020,32,20,7.3,46.6,.55,0,0,11.2,9.6,1.4,1.4,86,7,2.1,.01,.47,-3.5
2020,32,21,4.9,57.4,.37,0,0,10.4,9.7,1.3,.8,107,52,2.8,0,.5,-2.8
2020,32,22,4.2,59.4,.34,0,0,9.8,9.8,1.3,1.1,59,29,3,0,.49,-3
2020,32,23,4.8,53.2,.41,0,0,9.2,9.9,1.4,1.2,62,32,2.5,.01,.46,-3.9
2020,32,24,3.5,57.8,.33,0,0,8.6,9.9,.8,.5,114,49,1.9,0,.45,-4
2020,33,1,.9,72,.18,0,0,8.1,10,1,.8,140,30,2.2,-.01,.47,-3.6
2020,33,2,2,63.5,.26,0,0,7.7,10,1.8,1.7,130,19,2.6,0,.45,-4.2
2020,33,3,2,61.6,.27,0,0,7.3,10,1.1,1,103,27,2.3,0,.43,-4.6
2020,33,4,0,72.3,.17,0,0,6.9,10,1.6,1.4,93,23,2.8,-.01,.44,-4.4
2020,33,5,.4,69.1,.19,0,0,6.5,10,1.3,.7,71,57,2.6,-.01,.43,-4.6
2020,33,6,-2.6,82.3,.09,0,0,6.1,10,1.4,.5,61,67,2.9,-.01,.42,-5.1
2020,33,7,-1.5,80.8,.11,0,0,5.8,9.9,1,.6,102,52,2.4,-.01,.44,-4.3
2020,33,8,-.1,79.8,.12,.19,0,5.6,9.9,.7,.7,84,15,1.7,.01,.49,-3.1
2020,33,9,4,63.6,.3,.67,0,5.7,9.9,.5,.4,238,36,1.9,.05,.52,-2.3
2020,33,10,8.8,45.2,.62,1.61,0,6.6,9.8,.3,.2,301,48,1.8,.23,.51,-2.5
2020,33,11,12.9,34.1,.99,2.26,0,8,9.8,.7,.5,291,35,2.2,.39,.5,-2.7
2020,33,12,15.4,29.2,1.24,2.82,0,9.9,9.7,2,1.7,297,27,3.6,.56,.51,-2.4
2020,33,13,16.6,26.5,1.39,2.23,0,11.4,9.6,1.2,.8,240,49,3,.43,.5,-2.7
2020,33,14,18.3,22.8,1.63,2.17,0,12.6,9.6,1.5,1.2,186,36,3.4,.44,.48,-3.3
2020,33,15,19.2,17.9,1.82,1.86,0,13.6,9.6,2,1.8,171,29,4,.4,.4,-5.7
2020,33,16,19.9,16.5,1.94,1.5,0,14.1,9.6,2,1.8,198,22,3.5,.32,.38,-6.2
2020,33,17,20,17.4,1.93,.83,0,14.2,9.6,2,1.7,232,33,4.7,.17,.41,-5.5
2020,33,18,17,25.4,1.45,.21,0,13.7,9.7,2.1,2.1,256,11,3.7,.07,.49,-3
2020,33,19,13.1,31.5,1.03,0,0,12.9,9.7,1,1,268,16,2.5,.03,.47,-3.5
2020,33,20,10.9,36,.83,0,0,12.1,9.8,2,1.9,266,18,3.3,.03,.47,-3.6
2020,33,21,9,42.4,.67,0,0,11.4,9.9,1.3,.4,114,66,2.2,.02,.48,-3.2
2020,33,22,6.8,51.2,.48,0,0,10.7,10,1.8,1.8,89,12,2.8,.01,.5,-2.6
2020,33,23,8.3,42.8,.63,0,0,10.1,10.1,1.7,1.7,117,13,3.3,.02,.47,-3.7
2020,33,24,6.5,49.5,.49,0,0,9.6,10.2,2.7,2.6,105,11,3.6,.02,.48,-3.3
2020,34,1,6.1,51.7,.45,0,0,9.2,10.2,2.7,2.7,124,10,3.5,.02,.49,-3.1
2020,34,2,5.3,57.4,.38,0,0,8.8,10.3,2.5,2.5,116,11,3.6,.01,.51,-2.5
2020,34,3,5,61.3,.34,0,0,8.5,10.3,2.1,2,104,16,3,.01,.54,-1.8
2020,34,4,5.1,65.9,.3,0,0,8.2,10.3,2,1.9,128,11,3.3,0,.58,-.8
2020,34,5,4.7,71.3,.25,0,0,7.9,10.3,2.8,2.7,140,12,5.4,0,.61,-.1
2020,34,6,6,71.1,.27,0,0,7.7,10.3,4.4,4.3,152,10,6.3,.01,.66,1.1
2020,34,7,6.6,73.7,.26,0,0,7.5,10.3,4.9,4.8,147,12,7.2,.01,.72,2.3
2020,34,8,7,73.5,.27,.19,0,7.4,10.3,3.7,3.6,135,12,7.2,.03,.73,2.5
2020,34,9,8.5,70.5,.33,.81,0,7.6,10.2,5.5,5.4,150,11,8.1,.12,.79,3.5
2020,34,10,11.8,63.4,.51,1.35,0,8.2,10.2,5.2,4.5,178,28,7.8,.24,.88,5.1
2020,34,11,14.1,54.5,.73,2.14,0,9.2,10.2,6.2,6,210,14,9.1,.45,.88,5
2020,34,12,14.4,51.2,.8,1.7,0,10.3,10.1,5.5,5.4,198,14,8.7,.36,.84,4.4
2020,34,13,15.4,42.7,1.01,1.91,0,11.2,10.1,5.3,5.1,207,17,8.8,.42,.75,2.8
2020,34,14,17.5,29.1,1.42,2.42,0,12.1,10.1,7.6,7.4,226,13,11.9,.63,.58,-.7
2020,34,15,18.1,26.2,1.53,2.2,0,12.9,10.1,7.8,7.7,228,11,12.1,.6,.54,-1.6
2020,34,16,17,28.9,1.38,1.41,0,13.3,10,8.5,8.3,237,11,12.8,.43,.56,-1.2
2020,34,17,15.1,35.5,1.11,.41,0,13.3,10.1,7.2,7.1,233,11,12.4,.16,.61,-.1
2020,34,18,13.6,36.9,.99,.16,0,12.9,10.1,7.2,6.9,246,16,11.4,.14,.57,-.9
2020,34,19,9.4,50.7,.58,0,0,12.3,10.2,4.8,4.6,234,15,6.7,.05,.6,-.4
2020,34,20,7.4,53.5,.48,0,0,11.6,10.2,4.4,4.1,238,20,7.6,.03,.55,-1.4
2020,34,21,6.4,54.8,.44,0,0,11,10.3,3.4,3.4,218,10,5.2,.02,.53,-2
2020,34,22,6.5,52.9,.46,0,0,10.6,10.4,3.1,3,221,12,5.2,.02,.51,-2.4
2020,34,23,5.5,50.1,.45,0,0,10.2,10.4,2.9,2.5,198,30,5.8,.02,.45,-4.1
2020,34,24,5.2,48.7,.46,0,0,9.8,10.5,1.8,1.3,204,40,5,.01,.43,-4.7
2020,35,1,4.7,50.1,.43,0,0,9.4,10.5,1.2,.8,192,47,2.6,.01,.43,-4.8
2020,35,2,4.4,48.9,.43,0,0,9.1,10.5,2,1.8,215,25,4,.01,.41,-5.4
2020,35,3,3.9,45.2,.44,0,0,8.9,10.6,2.9,2.9,232,9,4.5,.02,.37,-6.8
2020,35,4,3.4,40.9,.46,0,0,8.6,10.6,2.7,2.5,254,21,4.6,.02,.32,-8.6
2020,35,5,3.1,40.8,.45,0,0,8.4,10.6,2,1.9,328,23,5.6,.02,.31,-8.9
2020,35,6,2.3,32.8,.48,0,0,8.2,10.5,4.1,3.9,311,18,6.4,.04,.24,-12.4
2020,35,7,1.4,30.6,.47,0,0,7.9,10.5,4,3.9,282,12,6,.04,.21,-14.1
2020,35,8,1,31.2,.45,.05,0,7.5,10.5,2.3,2,348,30,4.5,.03,.2,-14.1
2020,35,9,1.5,29.5,.48,.37,0,7.4,10.5,3.6,3.5,308,14,5.4,.07,.2,-14.4
2020,35,10,2.2,26.3,.53,.84,0,7.5,10.4,3.9,3.8,290,10,5.4,.13,.19,-15.2
2020,35,11,2.8,27,.55,1.21,0,7.9,10.4,3.6,3.5,284,14,5.4,.18,.2,-14.3
2020,35,12,3.8,26.3,.59,1.8,0,8.6,10.4,3.3,3,304,24,5.5,.28,.21,-13.8
2020,35,13,5.6,25.8,.68,2.49,0,9.6,10.3,2.5,2,309,35,6.7,.39,.23,-12.5
2020,35,14,6.9,26.5,.73,2.34,0,10.6,10.3,5.9,5.7,276,15,9.4,.44,.26,-11
2020,35,15,7,25.5,.75,1.94,0,11.1,10.2,6.4,6.2,275,16,9.2,.39,.25,-11.4
2020,35,16,7.1,24.4,.76,1.86,0,11.4,10.2,5.7,5.3,284,19,8.3,.36,.25,-11.9
2020,35,17,6,22.7,.72,.98,0,11.4,10.2,5.6,5.4,297,12,8,.21,.21,-13.6
2020,35,18,4,22.1,.63,.23,0,10.8,10.2,4.9,4.8,298,10,6.9,.08,.18,-15.7
2020,35,19,1.2,30.3,.47,0,0,9.9,10.2,3,2.9,291,9,4.9,.03,.2,-14.4
2020,35,20,-1.4,40.4,.33,0,0,9.1,10.2,1.6,1.6,302,10,2.5,.01,.22,-13.1
2020,35,21,-1.8,37.9,.33,0,0,8.2,10.3,1,.8,305,28,2.9,.01,.2,-14.2
2020,35,22,-2.6,42,.29,0,0,7.6,10.3,1,.7,323,40,2.1,0,.21,-13.8
2020,35,23,-3.2,50.8,.24,0,0,7,10.3,.8,.6,169,44,2,0,.25,-11.9
2020,35,24,-4,57,.2,0,0,6.5,10.3,.8,.7,118,27,1.5,0,.26,-11.2
